Genotype	Year	NRate	StoverBiomass	StoverN	GrainBiomass	GrainN	TOTALBIOMASS	TOTAL	Nutil	TotalBiomassYield	GrainYield	StoverNUE	TotalNUE
B73	2014	L	92.9	0.5	32.6	0.5	125.5	1	32.7	5.3	1.4	92.9	125.5
B73xIHP1	2014	L	102.2	0.3	11.6	0.2	113.8	0.4	26	11	1.1	255.5	284.5
B73xILP1	2014	L	115.7	0.5	31.6	0.3	147.2	0.8	39.5	10.5	2.3	144.625	184
B73xLH82	2014	L	104.4	0.4	61.5	0.6	165.9	1	62.2	14.8	5.5	104.4	165.9
B73xMo17	2014	L	117.3	0.3	66	0.7	183.3	1.1	62.2	17.7	6.4	106.6363636	166.6363636
B73xMo17	2014	L	98.2	0.4	67.7	0.8	165.9	1.2	57.8	14.8	6	81.83333333	138.25
B73xMo17	2014	L	130.8	0.7	87.2	1	218.1	1.6	53.5	20.5	8.2	81.75	136.3125
B73xMo18W	2014	L	183.2	0.4	19.6	0.2	202.9	0.7	28.5	19	1.8	261.7142857	289.8571429
B73xOh7B	2014	L	104.1	0.2	33.9	0.3	138	0.6	60.5	13.3	3.3	173.5	230
B73xPH207	2014	L	75	0.3	49.3	0.5	124.2	0.9	58	11.4	4.5	83.33333333	138
B73xPHG47	2014	L	83.5	0.3	60	0.6	143.4	1	62.5	14.2	5.9	83.5	143.4
B73xPHG84	2014	L	96.8	0.3	41.9	0.4	138.7	0.6	64.4	12.7	3.8	161.3333333	231.1666667
FR1064	2014	L	55.3	0.5	49.2	0.7	104.5	1.1	43.5	4.9	2.3	50.27272727	95
IHP1	2014	L	94	0.7	4.3	0.2	98.3	0.8	5.1	4.9	0.2	117.5	122.875
ILP1	2014	L	78.5	0.5	28.2	0.3	106.7	0.8	33.6	4.7	1.3	98.125	133.375
IRHP1	2014	L	9	0.1	20.5	0.3	29.5	0.4	57.7	1.5	1	22.5	73.75
IRLP1	2014	L	7	0	1.5	0	8.4	0.1	18.6	0.3	0.1	70	84
LH82	2014	L	69.5	0.6	55.7	0.8	125.2	1.4	39.8	6.2	2.8	49.64285714	89.42857143
Mo17	2014	L	87.2	0.5	57.3	0.9	144.5	1.4	41.7	6.8	2.7	62.28571429	103.2142857
Mo18W	2014	L	115.6	0.6	0	0	115.6	0.6	0	5.4	0	192.6666667	192.6666667
Oh7B	2014	L	171.1	1.4	20.9	0.5	192	1.9	11.1	8.5	0.9	90.05263158	101.0526316
PH207	2014	L	65.2	0.5	54.1	0.9	119.3	1.4	38.1	5.9	2.7	46.57142857	85.21428571
PHG47	2014	L	56.4	0.4	61.1	1.1	117.5	1.5	40.6	4.6	2.4	37.6	78.33333333
PHG84	2014	L	87.3	0.6	21.3	0.4	108.5	1	21.3	3.2	0.6	87.3	108.5
B73	2014	H	179.5	2.2	128.1	2.1	307.6	4.3	29.8	15.2	6.3	41.74418605	71.53488372
IHP1	2014	H	148.1	2.5	8.1	0.3	156.2	2.8	2.9	7.7	0.4	52.89285714	55.78571429
ILP1	2014	H	127	1.4	62.4	0.6	189.4	2	31	9.4	3.1	63.5	94.7
IRHP1	2014	H	165.4	2.7	57.4	1.1	222.8	3.7	15.3	11	2.8	44.7027027	60.21621622
IRLP1	2014	H	154.7	1.8	50.6	1.3	205.4	3.1	16.2	10.1	2.5	49.90322581	66.25806452
LH82	2014	H	83.4	0.9	91.3	1.7	174.7	2.6	34.9	8.6	4.5	32.07692308	67.19230769
Mo17	2014	H	158.5	1.1	83	1.6	241.5	2.7	30.8	11.9	4.1	58.7037037	89.44444444
Oh7B	2014	H	122.6	2.1	27.3	0.6	150	2.7	10	7.4	1.4	45.40740741	55.55555556
PH207	2014	H	114.7	1.6	85.2	1.8	199.9	3.4	24.8	9.9	4.2	33.73529412	58.79411765
PHG47	2014	H	67.1	0.7	98.2	2.1	165.3	2.8	35.6	8.2	4.9	23.96428571	59.03571429
PHG84	2014	H	113.8	1.7	0	0	113.8	1.7	0	5.6	0	66.94117647	66.94117647
PHG84	2014	H	155.6	2.1	65.6	1.4	221.2	3.5	18.8	10.9	3.2	44.45714286	63.2
B73	2014	H	119.7	1	75.4	1.2	195.1	2.1	35.4	8.7	3.4	57	92.9047619
B73xIHP1	2014	H	105.5	0.7	93.8	1.6	199.3	2.3	40.6	17.7	8.3	45.86956522	86.65217391
B73xILP1	2014	H	131.8	1.3	108.6	1.1	240.3	2.3	46.5	19	8.6	57.30434783	104.4782609
B73xLH82	2014	H	100.8	0.7	152.7	1.8	253.5	2.5	62.3	21.3	12.8	40.32	101.4
B73xMo17	2014	H	126.2	0.7	144.4	2	270.6	2.7	53.8	26.7	14.3	46.74074074	100.2222222
B73xMo17	2014	H	95.2	0.5	107.3	1.5	202.5	2	53.8	19.5	10.3	47.6	101.25
B73xMo17	2014	H	129.7	0.8	140.2	1.9	270	2.7	52	25.3	13.2	48.03703704	100
B73xMo18W	2014	H	176.5	1	104	1.5	280.5	2.5	41.5	25.6	9.5	70.6	112.2
B73xOh7B	2014	H	117.4	0.9	148.6	1.7	266	2.6	56.1	26.3	14.7	45.15384615	102.3076923
B73xPH207	2014	H	90.4	0.4	122.1	1.6	212.5	2	61.5	19.9	11.5	45.2	106.25
B73xPHG47	2014	H	92.9	0.7	127	1.8	219.9	2.5	51	21.2	12.2	37.16	87.96
B73xPHG84	2014	H	116.6	0.6	135.6	1.8	252.1	2.5	54.9	24.3	13.1	46.64	100.84
FR1064	2014	H	76.4	0.8	65.1	1	141.5	1.9	34.9	6.6	3.1	40.21052632	74.47368421
IHP1	2014	H	124.7	1.7	13.6	0.6	138.3	2.3	5.8	6.5	0.6	54.2173913	60.13043478
ILP1	2014	H	103.8	1.1	18.1	0.2	121.9	1.2	14.5	5.1	0.8	86.5	101.5833333
IRHP1	2014	H	8.8	0.1	2.6	0	11.4	0.2	15.5	0.5	0.1	44	57
IRLP1	2014	H	5.7	0.1	10.2	0.3	15.9	0.3	29.4	0.8	0.5	19	53
LH82	2014	H	83.6	0.8	82.1	1.5	165.8	2.3	36.1	8.2	4.1	36.34782609	72.08695652
Mo17	2014	H	126.2	1.2	40.3	0.9	166.6	2.1	19.1	8.2	2	60.0952381	79.33333333
Oh7B	2014	H	171.2	1.9	44.6	0.9	215.8	2.7	16.4	9.1	1.9	63.40740741	79.92592593
PH207	2014	H	73.1	0.7	85.1	1.6	158.2	2.2	38	5.9	3.2	33.22727273	71.90909091
PHG47	2014	H	63.4	0.8	51.6	1	115	1.8	28	5.4	2.4	35.22222222	63.88888889
PHG84	2014	H	107.2	1.4	17.3	0.4	124.6	1.9	9.3	5.2	0.7	56.42105263	65.57894737
B73xIHP1	2015	L	92.1	0.4	28.4	0.4	120.6	0.7	161.8	8.9	2.1	131.5714286	172.2857143
B73xIHP1	2015	L	81	0.3	48.5	0.5	129.4	0.8	156.1	10.2	3.8	101.25	161.75
B73xIHP1	2015	L	70.4	0.3	13	0.3	83.4	0.6	135.5	6.8	1.1	117.3333333	139
B73xIHP1	2015	L	98.4	0.8	22.3	0.3	120.7	1.1	107.3	9.2	1.7	89.45454545	109.7272727
B73xIHP1	2015	L	77.1	0.3	13.8	0.3	91	0.6	150.5	7.2	1.1	128.5	151.6666667
B73xIHP1	2015	L	63.8	0.3	13.1	0.2	76.9	0.5	152.9	6.5	1.1	127.6	153.8
B73xIHP1	2015	L	69.3	0.4	5.7	0.1	75	0.4	169.6	6.3	0.5	173.25	187.5
B73xIHP1	2015	L	88.7	0.6	9.3	0.2	98	0.8	129.9	7.3	0.7	110.875	122.5
B73xIHP1	2015	L	84.7	0.3	19.3	0.3	104.1	0.6	167.3	9.8	1.8	141.1666667	173.5
B73xIHP1	2015	L	113	0.4	13.9	0.2	126.8	0.7	188.5	12.8	1.4	161.4285714	181.1428571
B73xILP1	2015	L	97.7	0.4	69.6	0.6	167.3	1	161.2	11.2	4.6	97.7	167.3
B73xILP1	2015	L	89.6	0.4	65.3	0.6	154.9	1	153.1	10.7	4.5	89.6	154.9
B73xILP1	2015	L	117	0.6	62.5	0.6	179.5	1.2	154	12.9	4.5	97.5	149.5833333
B73xILP1	2015	L	77.1	0.5	40.7	0.4	117.8	0.9	133.6	9	3.1	85.66666667	130.8888889
B73xILP1	2015	L	60.2	0.4	37.1	0.3	97.3	0.7	139	7.7	2.9	86	139
B73xILP1	2015	L	70	0.4	33.7	0.3	103.7	0.8	134.5	7.2	2.3	87.5	129.625
B73xILP1	2015	L	62.7	0.4	41.2	0.4	104	0.8	133.1	6.4	2.5	78.375	130
B73xILP1	2015	L	76	0.5	34.3	0.4	110.3	0.9	129.4	7.4	2.3	84.44444444	122.5555556
B73xILP1	2015	L	86.8	0.4	60.5	0.5	147.3	0.9	160	10.5	4.3	96.44444444	163.6666667
B73xILP1	2015	L	79.9	0.5	15	0.1	95	0.6	149.1	6.8	1.1	133.1666667	158.3333333
B73xLH82	2015	L	65	0.4	228.2	2.1	293.2	2.5	117.2	19.6	15.2	26	117.28
B73xLH82	2015	L	53.7	0.3	55.9	0.6	109.7	0.9	119.8	7	3.6	59.66666667	121.8888889
B73xMo17	2015	L	70.7	0.3	57.6	0.6	128.3	0.9	145.1	10.8	4.8	78.55555556	142.5555556
B73xMo17	2015	L	98.7	0.3	61.7	0.7	160.4	1	163.5	11.9	4.6	98.7	160.4
B73xMo17	2015	L	88.2	0.4	50	0.5	138.2	0.9	147.4	10.9	4	98	153.5555556
B73xMo17	2015	L	84	0.3	54.2	0.5	138.2	0.9	155.9	11.6	4.6	93.33333333	153.5555556
B73xMo17	2015	L	82.2	0.4	36	0.4	118.2	0.8	142.7	9.9	3	102.75	147.75
B73xMo17	2015	L	72.6	0.3	18.9	0.2	91.5	0.5	177.2	7.7	1.6	145.2	183
B73xMo17	2015	L	69.9	0.3	38.6	0.4	108.6	0.7	154.2	8.8	3.1	99.85714286	155.1428571
B73xMo17	2015	L	73.6	0.4	45.4	0.5	119	0.8	143.5	9.4	3.6	92	148.75
B73xMo17	2015	L	57.6	0.3	47.5	0.5	105.2	0.8	137	9.1	4.1	72	131.5
B73xMo17	2015	L	80.9	0.3	66.3	0.7	147.2	1	143.8	14.2	6.4	80.9	147.2
B73xMo17	2015	L	88.3	0.4	90	0.9	178.3	1.3	138.7	17.6	8.9	67.92307692	137.1538462
B73xMo17	2015	L	82.3	0.4	85.4	0.9	167.7	1.2	135.1	15.3	7.8	68.58333333	139.75
B73xMo17	2015	L	78.8	0.4	75.6	0.8	154.4	1.1	138.9	13.7	6.7	71.63636364	140.3636364
B73xMo18W	2015	L	153.2	0.7	0.2	0	153.4	0.7	227.3	14.4	0	218.8571429	219.1428571
B73xMo18W	2015	L	137.7	0.5	0.6	0	138.3	0.5	261	13.3	0.1	275.4	276.6
B73xOh7B	2015	L	96	0.5	22.2	0.3	118.3	0.8	151.7	11.4	2.1	120	147.875
B73xOh7B	2015	L	87.1	0.3	11.6	0.2	98.7	0.5	211.7	9.7	1.1	174.2	197.4
B73xPH207	2015	L	43.5	0.3	18.3	0.2	61.9	0.5	123.3	6	1.8	87	123.8
B73xPH207	2015	L	38	0.2	16.5	0.2	54.5	0.4	128.9	4.3	1.3	95	136.25
B73xPHG47	2015	L	77.9	0.3	318.6	3.2	396.4	3.5	112.2	29.4	23.6	22.25714286	113.2571429
B73xPHG47	2015	L	67.7	0.3	45.9	0.5	113.6	0.8	143.6	8.1	3.3	84.625	142
B73xPHG84	2015	L	75.1	0.4	20.4	0.2	95.5	0.6	167.3	7.8	1.7	125.1666667	159.1666667
B73xPHG84	2015	L	67.3	0.2	36	0.4	103.2	0.6	164.1	9.9	3.5	112.1666667	172
FR1064	2015	L	72.5	0.7	56.2	0.9	128.8	1.6	81.1	6.4	2.8	45.3125	80.5
LH82	2015	L	53.8	0.4	85.7	1.4	139.4	1.8	77.6	8.3	5.1	29.88888889	77.44444444
Mo17	2015	L	82.4	0.6	54.8	1.1	137.3	1.7	81.8	7.8	3.1	48.47058824	80.76470588
Mo18W	2015	L	189.5	1.6	0	0	189.6	1.6	119	11.2	0	118.4375	118.5
Oh7B	2015	L	74.5	0.7	3.9	0.1	78.5	0.8	96.3	3.5	0.2	93.125	98.125
PH207	2015	L	59.5	0.5	88.1	1.5	147.7	2.1	71.9	7.3	4.4	28.33333333	70.33333333
PHG47	2015	L	30.4	0.3	46.5	0.7	76.8	1	77.5	4.4	2.6	30.4	76.8
PHG84	2015	L	69.4	0.7	7.1	0.2	76.6	0.9	90.1	2.5	0.2	77.11111111	85.11111111
B73xIHP1	2015	H	98.9	0.5	104.5	1.7	203.4	2.3	89.7	13.6	7	43	88.43478261
B73xIHP1	2015	H	106.2	0.6	95.5	1.3	201.7	2	103.3	13	6.1	53.1	100.85
B73xIHP1	2015	H	130.6	0.8	102.2	1.8	232.8	2.6	91	17.3	7.6	50.23076923	89.53846154
B73xIHP1	2015	H	114.1	0.8	111.8	1.7	225.9	2.4	92.3	19.5	9.7	47.54166667	94.125
B73xIHP1	2015	H	128.5	0.7	109	1.7	237.6	2.3	101.3	17.6	8.1	55.86956522	103.3043478
B73xIHP1	2015	H	100.4	0.6	100.4	1.6	200.8	2.3	88.6	14.4	7.2	43.65217391	87.30434783
B73xIHP1	2015	H	106.3	0.7	92.8	1.8	199.1	2.6	77.3	13.8	6.4	40.88461538	76.57692308
B73xIHP1	2015	H	87.7	0.6	82	1.4	169.8	2	83.6	13.4	6.5	43.85	84.9
B73xIHP1	2015	H	86.9	0.5	92.3	1.5	179.2	2.1	86.8	17.3	8.9	41.38095238	85.33333333
B73xIHP1	2015	H	97.1	0.6	97.5	1.8	194.6	2.4	81.7	18.3	9.1	40.45833333	81.08333333
B73xILP1	2015	H	109.7	1	134	1.2	243.7	2.2	111.3	18.1	9.9	49.86363636	110.7727273
B73xILP1	2015	H	131.4	1.2	136.1	1.3	267.5	2.5	107	19.2	9.7	52.56	107
B73xILP1	2015	H	161.4	1.9	142.4	1.3	303.8	3.2	94.3	21	9.8	50.4375	94.9375
B73xILP1	2015	H	135.4	1.4	140.3	1.4	275.7	2.8	99.1	23.2	11.8	48.35714286	98.46428571
B73xILP1	2015	H	115.7	1	153.8	1.5	269.5	2.5	108	18.6	10.6	46.28	107.8
B73xILP1	2015	H	134.3	1.3	147.5	1.4	281.8	2.7	106.3	20.2	10.6	49.74074074	104.3703704
B73xILP1	2015	H	168	1.6	170.1	1.6	338.1	3.2	105.3	20	10.1	52.5	105.65625
B73xILP1	2015	H	79	0.9	128	1.2	207	2.2	95.8	11.8	7.3	35.90909091	94.09090909
B73xILP1	2015	H	140.7	1.4	119.2	1.1	259.9	2.5	102.8	20.5	9.4	56.28	103.96
B73xILP1	2015	H	104.7	1.1	115.7	1.1	220.5	2.1	103.9	15.8	8.3	49.85714286	105
B73xLH82	2015	H	70	0.6	111.6	1.5	181.6	2.1	85.1	16.6	10.2	33.33333333	86.47619048
B73xLH82	2015	H	178.9	1.5	179.8	2.2	358.7	3.6	99.5	33.7	16.9	49.69444444	99.63888889
B73xMo17	2015	H	78.5	0.5	146.8	1.8	225.3	2.3	99.7	19.5	12.7	34.13043478	97.95652174
B73xMo17	2015	H	82.1	0.5	118.8	1.5	200.9	2	100.1	15.9	9.4	41.05	100.45
B73xMo17	2015	H	87.9	0.8	121.5	1.5	209.4	2.3	91.4	15.5	9	38.2173913	91.04347826
B73xMo17	2015	H	120.9	0.9	131.5	1.6	252.3	2.5	99.2	20.6	10.7	48.36	100.92
B73xMo17	2015	H	104.5	0.7	150.6	1.9	255.1	2.6	98.6	17	10	40.19230769	98.11538462
B73xMo17	2015	H	85.1	0.6	66.1	0.9	151.2	1.5	98.6	12.3	5.4	56.73333333	100.8
B73xMo17	2015	H	53.8	0.3	99.3	1.3	153.1	1.6	96.6	12.5	8.1	33.625	95.6875
B73xMo17	2015	H	74.5	0.6	75.3	1	149.9	1.6	95.8	12.6	6.3	46.5625	93.6875
B73xMo17	2015	H	63.8	0.4	100.6	1.3	164.4	1.7	95.2	16.2	9.9	37.52941176	96.70588235
B73xMo17	2015	H	44.8	0.3	110.2	1.6	155	1.9	82.7	14.2	10.1	23.57894737	81.57894737
B73xMo17	2015	H	82.3	0.6	127.6	1.8	210	2.3	89.8	20.7	12.6	35.7826087	91.30434783
B73xMo17	2015	H	99.7	0.8	131.6	1.7	231.3	2.6	89.6	20.6	11.7	38.34615385	88.96153846
B73xMo17	2015	H	77.6	0.5	124.9	1.7	202.6	2.2	91.6	22	13.6	35.27272727	92.09090909
B73xMo18W	2015	H	196.4	1.4	116.9	1.5	313.3	3	106	29.4	11	65.46666667	104.4333333
B73xMo18W	2015	H	194.9	1.7	54.5	1.1	249.4	2.8	88.3	23.4	5.1	69.60714286	89.07142857
B73xOh7B	2015	H	112.2	0.7	159.7	2	271.8	2.7	100	26.2	15.4	41.55555556	100.6666667
B73xOh7B	2015	H	124	0.9	120.8	1.5	244.8	2.4	103.6	23.6	11.6	51.66666667	102
B73xPH207	2015	H	71.1	0.3	125.7	1.7	196.7	1.9	101.3	19.4	12.4	37.42105263	103.5263158
B73xPH207	2015	H	73.9	0.5	138.2	1.9	212.1	2.4	86.7	19.9	13	30.79166667	88.375
B73xPHG47	2015	H	190.1	1.6	216.3	2.8	406.4	4.4	91.8	40.1	21.4	43.20454545	92.36363636
B73xPHG47	2015	H	106.2	1.3	118.8	1.7	225	3	74.6	20	10.6	35.4	75
B73xPHG84	2015	H	108.8	0.8	137.2	1.9	246	2.7	92.6	23.1	12.9	40.2962963	91.11111111
B73xPHG84	2015	H	111.5	0.5	135.1	1.9	246.6	2.4	103.7	23.1	12.7	46.45833333	102.75
FR1064	2015	H	88.9	0.8	49.9	0.9	138.8	1.7	80.2	6.9	2.5	52.29411765	81.64705882
LH82	2015	H	63	0.6	82.5	1.5	145.5	2.1	70.9	9	5.1	30	69.28571429
Mo17	2015	H	91.6	1	47.3	1	138.9	2	71	8.2	2.8	45.8	69.45
Mo18W	2015	H	168.8	1.4	0	0	168.8	1.4	119.7	10	0	120.5714286	120.5714286
Oh7B	2015	H	127.5	1.4	25.8	0.6	153.3	2	75.6	8	1.3	63.75	76.65
PH207	2015	H	42.5	0.4	67.4	1.2	109.9	1.6	67.8	6.2	3.8	26.5625	68.6875
PHG47	2015	H	22	0.2	44.2	0.9	66.2	1.1	60.6	3.6	2.4	20	60.18181818
PHG84	2015	H	66.8	1	7	0.2	73.8	1.1	65.4	2.6	0.2	60.72727273	67.09090909
B73	2016	L	94.1	0.8	68.7	0.9	162.9	1.7	96.8	12.9	5.4	55.35294118	95.82352941
B73xIHP1	2016	L	81.7	0.4	52.2	0.6	133.9	1	134.9	12.6	4.9	81.7	133.9
B73xIHP1	2016	L	121.4	1	21	0.2	142.4	1.2	116.9	12	1.8	101.1666667	118.6666667
B73xILP1	2016	L	104.1	0.6	78.9	0.7	183	1.3	135.7	16.3	7	80.07692308	140.7692308
B73xILP1	2016	L	109.8	0.6	76.7	0.7	186.5	1.3	139.1	17	7	84.46153846	143.4615385
B73xLH82	2016	L	101.3	0.6	115.6	1.2	216.9	1.8	118.4	18.8	10	56.27777778	120.5
B73xLH82	2016	L	83.7	0.5	112.8	1.2	196.5	1.7	117.4	17.5	10	49.23529412	115.5882353
B73xMo17	2016	L	108.3	0.6	120.4	1.4	228.7	2	112.9	22	11.6	54.15	114.35
B73xMo17	2016	L	77.7	0.4	83.1	0.9	160.8	1.3	121.8	15.1	7.8	59.76923077	123.6923077
B73xMo17	2016	L	92	0.5	55	0.6	147	1.1	131.6	13.1	4.9	83.63636364	133.6363636
B73xMo17	2016	L	104.1	0.5	50.2	0.6	154.3	1.1	142	13.3	4.3	94.63636364	140.2727273
B73xMo18W	2016	L	267.9	1.4	103.6	1.2	371.5	2.5	146.6	29.4	8.2	107.16	148.6
B73xMo18W	2016	L	194.5	1.1	6.2	0.1	200.7	1.3	160.5	13.4	0.4	149.6153846	154.3846154
B73xOh7B	2016	L	125.5	0.9	46.7	0.5	172.3	1.4	126.4	13.6	3.7	89.64285714	123.0714286
B73xOh7B	2016	L	122.4	0.8	93.4	1.1	215.9	1.9	112	19.2	8.3	64.42105263	113.6315789
B73xPH207	2016	L	99.7	0.7	116.6	1.3	216.3	2	108.8	18.7	10.1	49.85	108.15
B73xPH207	2016	L	97.4	0.6	110.3	1.2	207.7	1.8	118.1	18	9.5	54.11111111	115.3888889
B73xPHG47	2016	L	80.5	0.5	102.2	1.2	182.7	1.7	104.6	14.4	8.1	47.35294118	107.4705882
B73xPHG47	2016	L	88.8	0.7	77.2	0.9	166	1.6	105.1	13.9	6.5	55.5	103.75
B73xPHG84	2016	L	119.6	0.7	91.2	1	210.8	1.7	123.1	19.3	8.3	70.35294118	124
B73xPHG84	2016	L	119.6	0.6	93.1	1	212.7	1.6	130.5	16.8	7.4	74.75	132.9375
FR1064	2016	L	78.6	0.6	62	0.8	140.6	1.4	103.1	8.3	3.7	56.14285714	100.4285714
IHP1	2016	L	53.3	0.8	3.6	0	56.9	0.8	73.7	4.5	0.3	66.625	71.125
ILP1	2016	L	57.3	0.6	5.3	0	62.6	0.6	100	4.2	0.4	95.5	104.3333333
IRHP1	2016	L	89.4	0.7	0	0	89.4	0.7	123.6	7.1	0	127.7142857	127.7142857
IRLP1	2016	L	61.3	0.4	0	0	61.3	0.4	139.2	3.6	0	153.25	153.25
LH82	2016	L	35.8	0.3	57.2	0.7	93	1	93.3	8.7	5.4	35.8	93
Mo17	2016	L	62.2	0.4	49.1	0.6	111.3	1	109.7	9.3	4.1	62.2	111.3
PH207	2016	L	43.2	0.4	51.5	0.7	94.7	1.1	85.3	6.3	3.4	39.27272727	86.09090909
B73	2016	H	42.7	0.5	53.2	0.7	95.9	1.2	81.3	8.5	4.7	35.58333333	79.91666667
B73xIHP1	2016	H	171.5	2.1	58.5	1.2	230	3.3	69.2	19.9	5.1	51.96969697	69.6969697
B73xIHP1	2016	H	127.4	1.3	85.4	1.6	212.8	2.9	74.1	20.5	8.2	43.93103448	73.37931034
B73xILP1	2016	H	109.6	1.4	110.9	1	220.5	2.4	91.6	20.2	10.1	45.66666667	91.875
B73xILP1	2016	H	73.5	0.6	107.1	1.1	180.6	1.7	109.4	15.6	9.3	43.23529412	106.2352941
B73xLH82	2016	H	151.3	1.2	156.7	2.1	308	3.3	92.8	27.4	13.9	45.84848485	93.33333333
B73xLH82	2016	H	86.1	0.7	137.7	1.8	223.8	2.5	89.5	18.8	11.6	34.44	89.52
B73xMo17	2016	H	85.1	0.8	129.8	1.9	214.9	2.7	78.8	20.2	12.2	31.51851852	79.59259259
B73xMo17	2016	H	97.7	0.8	132.8	1.9	230.5	2.7	86.8	22.8	13.1	36.18518519	85.37037037
B73xMo17	2016	H	78.4	0.6	93.1	1.4	171.5	1.9	88.3	16.1	8.7	41.26315789	90.26315789
B73xMo17	2016	H	87.1	0.7	94	1.5	181.1	2.2	82.8	16.1	8.4	39.59090909	82.31818182
B73xMo18W	2016	H	266.8	2.1	77	1.4	343.8	3.5	97.3	29.7	6.7	76.22857143	98.22857143
B73xMo18W	2016	H	257.4	2.3	89.1	1.5	346.5	3.8	90.6	31.7	8.1	67.73684211	91.18421053
B73xOh7B	2016	H	137.5	1.8	91.7	1.2	229.2	2.9	78.8	19.2	7.7	47.4137931	79.03448276
B73xOh7B	2016	H	132	1.3	115.7	1.5	247.7	2.8	87.7	20.2	9.4	47.14285714	88.46428571
B73xPH207	2016	H	97.4	0.8	151.1	2	248.5	2.8	90.1	22.1	13.4	34.78571429	88.75
B73xPH207	2016	H	107.2	1	147.1	2	254.3	2.9	86.9	21.4	12.4	36.96551724	87.68965517
B73xPHG47	2016	H	76	0.8	118	1.7	194	2.5	76.4	17.7	10.8	30.4	77.6
B73xPHG47	2016	H	72.8	0.7	100.7	1.6	173.5	2.4	73.4	12.4	7.2	30.33333333	72.29166667
B73xPHG84	2016	H	141.9	1	146.6	2	288.4	3.1	94.5	25.6	13	45.77419355	93.03225806
B73xPHG84	2016	H	124.2	0.8	142.6	1.8	266.8	2.6	102.2	23.1	12.3	47.76923077	102.6153846
FR1064	2016	H	87.5	1	80.5	1.1	168	2.1	80.9	11.6	5.6	41.66666667	80
IHP1	2016	H	112.8	2.1	17.5	0.7	130.3	2.8	46.6	9	1.2	40.28571429	46.53571429
ILP1	2016	H	91.3	0.9	12.6	0.1	103.9	1	101	7.7	0.9	91.3	103.9
IRHP1	2016	H	96.9	1.3	37.2	0.5	134.1	1.8	74.2	10.9	3	53.83333333	74.5
IRLP1	2016	H	62.3	0.6	0	0	62.3	0.6	113.1	3.8	0	103.8333333	103.8333333
LH82	2016	H	27.2	0.3	59.8	0.9	87	1.2	74.4	8.4	5.8	22.66666667	72.5
Mo17	2016	H	65.9	0.6	68.2	1.1	134	1.7	80	10.6	5.4	38.76470588	78.82352941
PH207	2016	H	47.5	0.6	43.6	0.8	91.1	1.4	63.2	7.2	3.4	33.92857143	65.07142857
W22	2016	L	67.7	0.7	9.7	0.2	77.4	0.8	95.9	4.2	0.5	84.625	96.75
W22	2016	L	70.2	0.8	27.7	0.5	97.9	1.3	74.5	5.8	1.6	54	75.30769231
W22	2016	H	68.4	1	10.5	0.2	78.9	1.2	63.8	5.1	0.7	57	65.75
W22	2016	L	46	0.4	16.6	0.3	62.6	0.7	95.1	5.1	1.4	65.71428571	89.42857143