Accession	Nlevel	Rep	FW(g)	DW(g)	N%(N/DW)	TotalN(mgN/plant)	NUtE(gDW/gN)	E%(15N/N)	15N(ug15N/plant)	NUE(gDW/gappliedN)	NupE(ug15N/ugapplied15N*100%)	NupE/DW	RNAsamples	AppliedN(mg)
Akita	H	one	0.402	0.044	5.455026455	2.40021164	18.33171678	0.078416667	1.882165961	2.8314	0.89627	20.36977273	No	15.54
Akita	H	one	0.438	0.039	6.035010941	2.353654267	16.56997825	0.112886667	2.656961847	2.50965	1.26522	32.44153846	No	15.54
Akita	H	one	0.373	0.037	6.041841004	2.235481172	16.55124654	0.111346667	2.489133768	2.38095	1.1853	32.03513514	Yes	15.54
Akita	H	one	0.369	0.036	5.858108108	2.108918919	17.07035755	0.239256667	5.045729108	2.3166	2.40273	66.7425	No	15.54
Akita	H	one	0.394	0.035	6.216346154	2.175721154	16.08662026	0.176916667	3.849213341	2.25225	1.83296	52.37028571	Yes	15.54
Akita	H	one	0.265	0.024	6.219618056	1.492708333	16.07815771	0.134526667	2.008090764	1.5444	0.956234	39.84308333	No	15.54
Akita	H	two	0.655	0.062	5.858867224	3.632497679	17.0681458	0.22622	8.217436249	3.11871	3.04349	49.08854839	Yes	19.88
Akita	H	two	0.683	0.061	6.040978189	3.684996695	16.5536105	0.31403	11.57199512	3.06841	4.28592	70.26098361	No	19.88
Akita	H	two	0.626	0.059	5.852813853	3.453160173	17.08579882	0.39239	13.5498552	2.96781	5.01846	85.05864407	Yes	19.88
Akita	H	two	0.435	0.044	6.092333059	2.680626546	16.41407307	0.24555	6.582278483	2.21328	2.43788	55.40636364	No	19.88
Akita	H	two	0.403	0.035	5.791691752	2.027092113	17.26611227	0.20759	4.208040518	1.76056	1.55853	44.52942857	No	19.88
Akita	H	two	0.26	0.025	5.692464358	1.42311609	17.56708408	0.26145	3.720737016	1.25755	1.37805	55.122	No	19.88
Akita	H	three	0.367	0.037	6.195286195	2.292255892	16.14130435	0.221415	5.075398384	2.78195	1.87978	50.80486486	No	13.3
Akita	H	three	0.363	0.036	5.715756952	2.057672503	17.4954955	0.355816667	7.32154171	2.70677	2.71168	75.32444444	Yes	13.3
Akita	H	three	0.252	0.022	5.73006135	1.260613497	17.45182013	0.217386667	2.740405661	1.65414	1.01497	46.135	Yes	13.3
Akita	H	three	0.192	0.022	5.794924909	1.27488348	17.256479	0.316525	4.035324935	1.65414	1.49456	67.93454545	No	13.3
Akita	H	three	0.185	0.021	5.208085612	1.093697979	19.20091324	0.325375	3.558619798	1.57895	1.31801	62.76238095	No	13.3
Akita	L	one	0.352	0.034	5.375722543	1.827745665	18.60215054	0.321106667	5.869013179	10.9395	13.9738	410.9941176	Yes	3.108
Akita	L	one	0.286	0.029	4.842473746	1.404317386	20.65060241	0.913976667	12.83513324	9.33076	30.5598	1053.786207	Yes	3.108
Akita	L	one	0.203	0.02	7.406015038	1.481203008	13.50253807	0.134726667	1.995575439	6.43501	4.75137	237.5685	No	3.108
Akita	L	one	0.124	0.011	3.516308671	0.386793954	28.43891403	0.971256667	3.756762063	3.53925	8.94467	813.1518182	No	3.108
Akita	L	one	0.094	0.009	4.63647199	0.417282479	21.56812339	0.170056667	0.709616675	2.89575	1.68956	187.7288889	No	3.108
Akita	L	two	0.435	0.039	5.012357884	1.954819575	19.95069034	1.15859	22.64834411	9.80885	41.9414	1075.420513	Yes	3.976
Akita	L	two	0.333	0.034	5.569620253	1.893670886	17.95454545	0.54089	10.24267646	8.55131	18.9679	557.8794118	No	3.976
Akita	L	two	0.306	0.027	5.107296137	1.378969957	19.57983193	0.99304	13.69372326	6.79074	25.3587	939.2111111	Yes	3.976
Akita	L	two	0.233	0.023	4.862876254	1.118461538	20.56396149	0.46538	5.205096308	5.78471	9.63907	419.09	No	3.976
Akita	L	two	0.192	0.019	5.512820513	1.047435897	18.13953488	0.53894	5.645051026	4.77867	10.4538	550.2	No	3.976
Akita	L	three	0.265	0.026	5.927401505	1.541124391	16.8707991	0.670295	10.33007974	9.77444	19.1298	735.7615385	No	2.66
Akita	L	three	0.216	0.023	5.269168026	1.211908646	18.97832817	0.665685	8.06749407	8.64662	14.9398	649.5565217	No	2.66
Akita	L	three	0.221	0.022	5.746309459	1.264188081	17.40247383	0.544695	6.885969267	8.27068	12.7518	579.6272727	No	2.66
Akita	L	three	0.19	0.018	5.585635359	1.005414365	17.90306627	1.053145	10.58847111	6.76692	19.6083	1089.35	No	2.66
Akita	L	three	0.16	0.015	5.590008613	0.838501292	17.88906009	0.384076667	3.220487812	5.6391	5.96387	397.5913333	Yes	2.66
Akita	L	three	0.129	0.013	4.529058116	0.588777555	22.07964602	0.441036667	2.596724903	4.88722	4.80875	369.9038462	Yes	2.66
Bl-1	H	one	0.409	0.036	4.997542998	1.799115479	20.00983284	0.248886667	4.477758545	2.3166	2.13227	59.22972222	Yes	15.54
Bl-1	H	one	0.409	0.036	5.33748702	1.921495327	18.73540856	0.122306667	2.350116885	2.3166	1.1191	31.08611111	Yes	15.54
Bl-1	H	one	0.386	0.032	5.865647187	1.8770071	17.04841713	0.171006667	3.209807275	2.0592	1.52848	47.765	No	15.54
Bl-1	H	one	0.232	0.023	5.935198822	1.365095729	16.84863524	0.181676667	2.480060417	1.48005	1.18098	51.34695652	No	15.54
Bl-1	H	one	0.143	0.019	5.264672037	1.000287687	18.99453552	0.263386667	2.634624396	1.22265	1.25458	66.03052632	No	15.54
Bl-1	H	one	0.234	0.018	5.850299401	1.053053892	17.09314227	0.293036667	3.085834024	1.1583	1.46944	81.63555556	Yes	15.54
Bl-1	H	two	0.669	0.076	5.690335306	4.324654832	17.57365685	0.2049	8.861217751	3.82294	3.28193	43.18328947	No	19.88
Bl-1	H	two	0.574	0.057	5.68597561	3.241006098	17.58713137	0.22207	7.197302241	2.8672	2.66567	46.76614035	Yes	19.88
Bl-1	H	two	0.481	0.052	5.905898876	3.071067416	16.93222354	0.14172	4.352316742	2.61569	1.61197	30.99942308	No	19.88
Bl-1	H	two	0.485	0.048	5.517609392	2.648452508	18.1237911	0.16547	4.382394365	2.41449	1.62311	33.81479167	Yes	19.88
Bl-1	H	two	0.35	0.047	5.889186774	2.767917784	16.98027314	0.15123	4.185922064	2.36419	1.55034	32.98595745	No	19.88
Bl-1	H	two	0.431	0.045	5.992779783	2.696750903	16.68674699	0.35305	9.520879061	2.26358	3.52625	78.36111111	No	19.88
Bl-1	H	three	0.287	0.035	5.129533679	1.795336788	19.49494949	0.354195	6.358993135	2.63158	2.35518	67.29085714	No	13.3
Bl-1	H	three	0.313	0.033	6.18065967	2.039617691	16.17950273	0.320445	6.53585291	2.4812	2.42069	73.35424242	No	13.3
Bl-1	H	three	0.302	0.032	5.979112272	1.913315927	16.72489083	0.268835	5.143662872	2.40602	1.90506	59.533125	No	13.3
Bl-1	H	three	0.258	0.031	5.656108597	1.753393665	17.68	0.320005	5.610947398	2.33083	2.07813	67.03645161	No	13.3
Bl-1	H	three	0.298	0.027	5.776836158	1.559745763	17.31051345	0.191066667	2.980154237	2.03008	1.10376	40.88	Yes	13.3
Bl-1	H	three	0.251	0.027	5.627659574	1.519468085	17.76937618	0.128256667	1.948819117	2.03008	0.721785	26.73277778	Yes	13.3
Bl-1	L	one	0.231	0.022	4.900086881	1.078019114	20.40780142	0.407676667	4.394832389	7.07851	10.4639	475.6318182	No	3.108
Bl-1	L	one	0.215	0.018	4.922077922	0.885974026	20.31662269	0.841156667	7.452429584	5.79151	17.7439	985.7722222	Yes	3.108
Bl-1	L	one	0.171	0.016	4.216748768	0.674679803	23.71495327	0.740366667	4.995104368	5.14801	11.8931	743.31875	Yes	3.108
Bl-1	L	one	0.116	0.011	2.142436727	0.23566804	46.67582418	0.315706667	0.744019714	3.53925	1.77148	161.0436364	No	3.108
Bl-1	L	two	0.396	0.045	4.665052462	2.099273608	21.43598616	0.84251	17.68659007	11.3179	32.7529	727.8422222	No	3.976
Bl-1	L	two	0.286	0.034	5.420219245	1.842874543	18.4494382	0.28211	5.198933374	8.55131	9.62765	283.1661765	No	3.976
Bl-1	L	two	0.309	0.03	4.981238274	1.494371482	20.07532957	0.69606	10.40172214	7.54527	19.2624	642.08	Yes	3.976
Bl-1	L	two	0.223	0.022	5.230352304	1.150677507	19.11917098	0.41168	4.73710916	5.5332	8.77242	398.7463636	Yes	3.976
Bl-1	L	two	0.196	0.021	5.640632976	1.184532925	17.72850679	0.36934	4.374953905	5.28169	8.10177	385.7985714	No	3.976
Bl-1	L	three	0.185	0.023	5.276417075	1.213575927	18.95225464	0.462895	5.617582288	8.64662	10.4029	452.3	No	2.66
Bl-1	L	three	0.208	0.022	6.033219345	1.327308256	16.57489879	0.590415	7.83662704	8.27068	14.5123	659.65	No	2.66
Bl-1	L	three	0.191	0.02	5.871313673	1.174262735	17.03196347	0.394665	4.634404021	7.5188	8.58223	429.1115	No	2.66
Bl-1	L	three	0.157	0.018	5.365448505	0.965780731	18.6377709	0.797546667	7.702552027	6.76692	14.264	792.4444444	Yes	2.66
Bl-1	L	three	0.137	0.015	5.613772455	0.842065868	17.81333333	0.753175	6.342229603	5.6391	11.7449	782.9933333	No	2.66
Bl-1	L	three	0.166	0.014	5.49382716	0.769135803	18.20224719	0.350056667	2.692411152	5.26316	4.98595	356.1392857	Yes	2.66
Bur-0	H	one	0.481	0.052	4.979188345	2.58917794	20.08359457	0.123656667	3.201691134	3.3462	1.52461	29.31942308	No	15.54
Bur-0	H	one	0.291	0.028	5.367510809	1.502903027	18.6306099	0.260906667	3.92117419	1.8018	1.86723	66.68678571	Yes	15.54
Bur-0	H	one	0.272	0.028	4.983451537	1.39536643	20.06641366	0.163856667	2.28640092	1.8018	1.08876	38.88428571	No	15.54
Bur-0	H	one	0.271	0.026	5.449620802	1.416901408	18.3499006	0.353746667	5.012241502	1.6731	2.38678	91.79923077	Yes	15.54
Bur-0	H	two	0.914	0.092	5.580357143	5.133928571	17.92	0.35021	17.97953125	4.62777	6.65909	72.38141304	No	19.88
Bur-0	H	two	0.715	0.077	5.663852648	4.361166539	17.65582656	0.5055	22.04569685	3.87324	8.16507	106.0398701	No	19.88
Bur-0	H	two	0.672	0.071	5.223695112	3.708823529	19.14353688	0.19067	7.071613824	3.57143	2.61912	36.88901408	Yes	19.88
Bur-0	H	two	0.731	0.07	5.112903226	3.579032258	19.55835962	0.38086	13.63110226	3.52113	5.04856	72.12228571	Yes	19.88
Bur-0	H	two	0.546	0.055	5.638297872	3.10106383	17.73584906	0.35961	11.15173564	2.7666	4.13027	75.09581818	No	19.88
Bur-0	H	two	0.346	0.04	5.384615385	2.153846154	18.57142857	0.20085	4.326	2.01207	1.60222	40.0555	No	19.88
Bur-0	H	three	0.321	0.03	5.736486486	1.720945946	17.43227326	0.367975	6.332650845	2.25564	2.34543	78.181	No	13.3
Bur-0	H	three	0.266	0.029	5.147540984	1.492786885	19.42675159	0.425016667	6.34459306	2.18045	2.34985	81.02931034	Yes	13.3
Bur-0	H	three	0.258	0.029	5.43715847	1.576775956	18.3919598	0.274426667	4.327093698	2.18045	1.60263	55.26310345	Yes	13.3
Bur-0	H	three	0.26	0.029	5.685005394	1.648651564	17.59013283	0.206535	3.405042508	2.18045	1.26113	43.48724138	No	13.3
Bur-0	H	three	0.201	0.023	5.344626168	1.229264019	18.71038251	0.361775	4.447169904	1.72932	1.6471	71.61304348	No	13.3
Bur-0	H	three	0.155	0.018	5.390570021	0.970302604	18.55091384	0.163595	1.587366545	1.35338	0.587914	32.66188889	No	13.3
Bur-0	L	one	0.214	0.026	5	1.3	20	0.400956667	5.212436667	8.36551	12.4106	477.3307692	No	3.108
Bur-0	L	one	0.24	0.024	5.089869281	1.221568627	19.64686998	0.496176667	6.061138497	7.72201	14.4313	601.3041667	Yes	3.108
Bur-0	L	one	0.159	0.018	4.806324111	0.86513834	20.80592105	0.265476667	2.296740427	5.79151	5.46843	303.8016667	No	3.108
Bur-0	L	one	0.155	0.014	4.788029925	0.67032419	20.88541667	0.567006667	3.800782843	4.5045	9.04948	646.3914286	No	3.108
Bur-0	L	one	0.14	0.013	4.192015209	0.544961977	23.85487528	0.418186667	2.278958327	4.18275	5.42609	417.3915385	Yes	3.108
Bur-0	L	one	0.123	0.011	4.58259325	0.504085258	21.82170543	0.577826667	2.912739041	3.53925	6.93509	630.4627273	No	3.108
Bur-0	L	two	0.349	0.042	5.603053435	2.353282443	17.84741144	0.53281	12.53852418	10.5634	23.2195	552.8452381	No	3.976
Bur-0	L	two	0.314	0.032	4.855855856	1.553873874	20.59369202	0.53696	8.343681153	8.04829	15.4513	482.853125	Yes	3.976
Bur-0	L	two	0.299	0.032	4.462290503	1.427932961	22.41001565	0.67615	9.654968715	8.04829	17.8796	558.7375	No	3.976
Bur-0	L	two	0.383	0.031	5.00489716	1.551518119	19.98043053	0.55497	8.610460108	7.79678	15.9453	514.3645161	Yes	3.976
Bur-0	L	three	0.275	0.028	5.72147651	1.602013423	17.47800587	0.754365	12.08502856	10.5263	22.3797	799.275	No	2.66
Bur-0	L	three	0.248	0.026	5.18115942	1.347101449	19.3006993	0.967206667	13.02925502	9.77444	24.1283	928.0115385	Yes	2.66
Bur-0	L	three	0.199	0.021	5.613340871	1.178801583	17.81470292	0.723205	8.525151987	7.89474	15.7873	751.7761905	No	2.66
Bur-0	L	three	0.165	0.014	5.24566474	0.734393064	19.06336088	0.655046667	4.810617283	5.26316	8.90855	636.325	Yes	2.66
Col-0	H	one	0.309	0.03	5.450416351	1.635124905	18.34722222	0.185666667	3.035881908	1.9305	1.44566	48.18866667	No	15.54
Col-0	H	one	0.337	0.028	3.145001976	0.880600553	31.79648241	0.141726667	1.248045811	1.8018	0.594308	21.22528571	Yes	15.54
Col-0	H	one	0.262	0.022	5.740521327	1.262914692	17.42002064	0.183376667	2.315890865	1.4157	1.10281	50.12772727	Yes	15.54
Col-0	H	one	0.193	0.019	5.169322709	0.982171315	19.34489403	0.150606667	1.479215478	1.22265	0.704388	37.07305263	No	15.54
Col-0	H	two	1.048	0.1	6.093128904	6.093128904	16.41192917	0.43681	26.61539637	5.03018	9.85755	98.5755	No	19.88
Col-0	H	two	0.557	0.055	5.677210057	3.122465531	17.61428571	0.1655	5.167680454	2.7666	1.91396	34.79927273	No	19.88
Col-0	H	two	0.517	0.049	5.440414508	2.665803109	18.38095238	0.21294	5.67656114	2.46479	2.10243	42.90673469	No	19.88
Col-0	H	two	0.478	0.04	5.646551724	2.25862069	17.70992366	0.15293	3.454108621	2.01207	1.2793	31.9825	Yes	19.88
Col-0	H	two	0.358	0.036	5.652808169	2.035010941	17.69032258	0.13491	2.74543326	1.81087	1.01683	28.24527778	No	19.88
Col-0	H	two	0.357	0.028	5.876106195	1.645309735	17.01807229	0.26086	4.291954973	1.40845	1.58961	56.77178571	Yes	19.88
Col-0	H	three	0.439	0.038	6.091586794	2.314802982	16.41608392	0.365206667	8.45381481	2.85714	3.13104	82.39578947	Yes	13.3
Col-0	H	three	0.254	0.028	5.513557929	1.54379622	18.13710879	0.227695	3.515146804	2.10526	1.30191	46.49678571	No	13.3
Col-0	H	three	0.249	0.021	4.238197425	0.890021459	23.59493671	0.156976667	1.397126019	1.57895	0.517454	24.64066667	Yes	13.3
Col-0	H	three	0.112	0.013	5.357710652	0.696502385	18.66468843	0.239375	1.667252583	0.977444	0.617501	47.50007692	No	13.3
Col-0	L	one	0.2303	0.02	5.408525755	1.081705151	18.48932677	0.178986667	1.936107993	6.43501	4.60978	230.489	Yes	3.108
Col-0	L	one	0.166	0.016	4.833836858	0.773413897	20.6875	0.186726667	1.44416999	5.14801	3.4385	214.90625	No	3.108
Col-0	L	one	0.131	0.013	4.919614148	0.639549839	20.32679739	0.163946667	1.048520643	4.18275	2.49648	192.0369231	No	3.108
Col-0	L	one	0.115	0.01	4.893617021	0.489361702	20.43478261	0.747366667	3.657326241	3.2175	8.70792	870.792	No	3.108
Col-0	L	one	0.0808	0.007	4.870304114	0.340921288	20.53259871	0.957026667	3.262707639	2.25225	7.76835	1109.764286	Yes	3.108
Col-0	L	two	0.419	0.039	4.907024793	1.913739669	20.37894737	0.77983	14.92391606	9.80885	27.6369	708.6384615	No	3.976
Col-0	L	two	0.323	0.033	5.074687122	1.67464675	19.70564837	0.5066	8.483760436	8.2998	15.7107	476.0818182	No	3.976
Col-0	L	two	0.346	0.031	4.953007519	1.535432331	20.18975332	0.43528	6.68342985	7.79678	12.3767	399.2483871	Yes	3.976
Col-0	L	two	0.25	0.02	5.035532995	1.007106599	19.85887097	0.27772	2.796936447	5.03018	5.17951	258.9755	Yes	3.976
Col-0	L	three	0.215	0.016	5.315217391	0.850434783	18.81390593	0.399616667	3.39847913	6.01504	6.29348	393.3425	Yes	2.66
Col-0	L	three	0.193	0.016	5.681818182	0.909090909	17.6	0.305495	2.777227273	6.01504	5.14301	321.438125	No	2.66
Col-0	L	three	0.151	0.015	5.746164575	0.861924686	17.40291262	0.411895	3.550224686	5.6391	6.57449	438.2993333	No	2.66
Col-0	L	three	0.119	0.013	5.395189003	0.70137457	18.53503185	0.247445	1.735516306	4.88722	3.21392	247.2246154	No	2.66
Col-0	L	three	0.119	0.011	5.1950078	0.571450858	19.24924925	0.402966667	2.302756474	4.13534	4.26436	387.6690909	Yes	2.66
Col-0	L	three	0.072	0.008	5.27607362	0.42208589	18.95348837	0.694795	2.932631656	3.00752	5.4308	678.85	No	2.66
Ct-1	H	one	0.809	0.074	4.234642497	3.133635448	23.61474435	0.319286667	10.00528017	4.7619	4.76442	64.38405405	No	15.54
Ct-1	H	one	0.391	0.032	5.576781778	1.784570169	17.9314888	0.229176667	4.089818428	2.0592	1.94753	60.8603125	Yes	15.54
Ct-1	H	one	0.18	0.018	5.222437137	0.940038685	19.14814815	0.187036667	1.758217021	1.1583	0.837246	46.51366667	No	15.54
Ct-1	H	two	1.452	0.132	5.858343337	7.733013205	17.06967213	0.45892	35.4883442	6.63984	13.1438	99.57424242	Yes	19.88
Ct-1	H	two	1.282	0.12	6.030977735	7.237173282	16.58105939	0.4498	32.55280542	6.03622	12.0566	100.4716667	No	19.88
Ct-1	H	two	0.932	0.089	5.709440362	5.081401922	17.51485149	0.28714	14.59073748	4.47686	5.40398	60.7188764	Yes	19.88
Ct-1	H	two	0.229	0.022	5.74941452	1.264871194	17.39307536	0.16502	2.087290445	1.10664	0.773071	35.13959091	No	19.88
Ct-1	H	three	0.366	0.04	5.483641536	2.193456615	18.23605707	0.215995	4.737756615	3.00752	1.75472	43.868	No	13.3
Ct-1	H	three	0.422	0.038	5.842600513	2.220188195	17.11566618	0.268236667	5.955358808	2.85714	2.20569	58.04447368	Yes	13.3
Ct-1	H	three	0.405	0.035	4.596199525	1.608669834	21.75710594	0.580586667	9.339722565	2.63158	3.45916	98.83314286	Yes	13.3
Ct-1	H	three	0.283	0.032	5.521523179	1.766887417	18.11094453	0.234085	4.136018411	2.40602	1.53186	47.870625	No	13.3
Ct-1	H	three	0.24	0.026	5.877458396	1.528139183	17.01415701	0.250715	3.831274153	1.95489	1.41899	54.57653846	No	13.3
Ct-1	L	one	0.469	0.054	4.879821129	2.63510341	20.49255441	0.380226667	10.01936586	17.3745	23.8556	441.7703704	No	3.108
Ct-1	L	one	0.281	0.033	4.592145015	1.515407855	21.77631579	0.544426667	8.250284471	10.6178	19.6435	595.2575758	No	3.108
Ct-1	L	one	0.293	0.028	4.936416185	1.382196532	20.25761124	0.413166667	5.710775337	9.00901	13.5971	485.6107143	Yes	3.108
Ct-1	L	one	0.269	0.027	4.242424242	1.145454545	23.57142857	1.024016667	11.72964545	8.68726	27.9277	1034.359259	No	3.108
Ct-1	L	one	0.192	0.017	4.711396152	0.800937346	21.22513089	0.699296667	5.600928161	5.46976	13.3355	784.4411765	Yes	3.108
Ct-1	L	one	0.135	0.011	5.060565276	0.55666218	19.7606383	0.418176667	2.32783135	3.53925	5.54246	503.86	No	3.108
Ct-1	L	two	0.58	0.065	3.552188552	2.308922559	28.15165877	1.25334	28.93865	16.3481	53.5901	824.4630769	Yes	3.976
Ct-1	L	two	0.39	0.059	4.519725557	2.666638079	22.12523719	0.67175	17.9131413	14.839	33.1725	562.2457627	Yes	3.976
Ct-1	L	two	0.433	0.044	5.222043874	2.297699304	19.14959016	0.63275	14.53869235	11.0664	26.9235	611.8977273	No	3.976
Ct-1	L	two	0.404	0.044	5.13215859	2.25814978	19.48497854	0.77384	17.47446626	11.0664	32.3601	735.4568182	No	3.976
Ct-1	L	two	0.436	0.039	5.474137931	2.134913793	18.26771654	0.65958	14.0814644	9.80885	26.0768	668.6358974	No	3.976
Ct-1	L	two	0.206	0.024	5.166327223	1.239918534	19.35611038	0.26077	3.23333556	6.03622	5.98766	249.4858333	No	3.976
Ct-1	L	three	0.239	0.03	5.313953488	1.594186047	18.81838074	0.830925	13.24649041	11.2782	24.5305	817.6833333	No	2.66
Ct-1	L	three	0.275	0.023	5.661237785	1.302084691	17.66398159	0.610296667	7.946579464	8.64662	14.7159	639.8217391	Yes	2.66
Ct-1	L	three	0.232	0.022	6.052830189	1.331622642	16.52119701	0.647485	8.62205686	8.27068	15.9668	725.7636364	No	2.66
Ct-1	L	three	0.191	0.021	5.693548387	1.195645161	17.56373938	0.590345	7.058431427	7.89474	13.0712	622.4380952	No	2.66
Ct-1	L	three	0.145	0.016	5.367298578	0.858767773	18.63134658	1.331706667	11.43626768	6.01504	21.1783	1323.64375	No	2.66
Edi-0	H	one	0.709	0.07	5.675965665	3.973175966	17.61814745	0.141036667	5.603634943	4.5045	2.6684	38.12	Yes	15.54
Edi-0	H	one	0.643	0.057	5.950302216	3.391672263	16.80586907	0.233056667	7.904518321	3.66795	3.76406	66.03614035	Yes	15.54
Edi-0	H	one	0.402	0.042	5.653362493	2.374412247	17.68858801	0.161306667	3.830085249	2.7027	1.82385	43.425	No	15.54
Edi-0	H	one	0.365	0.035	6.009042335	2.103164817	16.64158687	0.085226667	1.792457268	2.25225	0.853551	24.38717143	No	15.54
Edi-0	H	one	0.336	0.033	6.102071006	2.013683432	16.38787879	0.107096667	2.156587833	2.12355	1.02695	31.11969697	No	15.54
Edi-0	H	two	0.955	0.097	5.873655914	5.697446237	17.02517162	0.39586	22.55391067	4.87928	8.3533	86.11649485	No	19.88
Edi-0	H	two	1.021	0.095	5.950334288	5.652817574	16.80577849	0.21608	12.21460821	4.77867	4.52393	47.62031579	Yes	19.88
Edi-0	H	two	0.744	0.074	5.58891455	4.135796767	17.89256198	0.20935	8.658290531	3.72233	3.20677	43.33472973	Yes	19.88
Edi-0	H	two	0.462	0.049	5.686746988	2.786506024	17.58474576	0.13669	3.808875084	2.46479	1.41069	28.78959184	No	19.88
Edi-0	H	two	0.491	0.048	6.10982659	2.932716763	16.36707663	0.18817	5.518493133	2.41449	2.04389	42.58104167	No	19.88
Edi-0	H	three	0.426	0.042	5.141182738	2.15929675	19.4507772	0.169025	3.649751332	3.15789	1.35176	32.1847619	No	13.3
Edi-0	H	three	0.445	0.038	6.086036671	2.312693935	16.43105446	0.221386667	5.119996013	2.85714	1.89629	49.90236842	Yes	13.3
Edi-0	H	three	0.336	0.037	6.033519553	2.232402235	16.57407407	0.205095	4.578545363	2.78195	1.69576	45.83135135	No	13.3
Edi-0	H	three	0.332	0.035	5.897244974	2.064035741	16.95707071	0.418295	8.633758302	2.63158	3.19769	91.36257143	No	13.3
Edi-0	H	three	0.223	0.02	6.026380874	1.205276175	16.59370725	0.480166667	5.787334433	1.50376	2.14346	107.173	Yes	13.3
Edi-0	L	one	0.518	0.045	5.486486486	2.468918919	18.22660099	0.349186667	8.621135676	14.4788	20.5265	456.1444444	Yes	3.108
Edi-0	L	one	0.292	0.027	5.120481928	1.38253012	19.52941176	0.703536667	9.726606325	8.68726	23.1586	857.7259259	No	3.108
Edi-0	L	one	0.277	0.024	5.123018043	1.22952433	19.51974386	0.473646667	5.823601006	7.72201	13.8657	577.7375	No	3.108
Edi-0	L	one	0.176	0.016	5.508072175	0.881291548	18.15517241	0.226956667	2.000149921	5.14801	4.76226	297.64125	Yes	3.108
Edi-0	L	two	0.449	0.042	5.250452625	2.205190103	19.04597701	0.91312	20.13603186	10.5634	37.2889	887.8309524	No	3.976
Edi-0	L	two	0.368	0.039	4.894009217	1.908663594	20.43314501	0.54628	10.42664748	9.80885	19.3086	495.0923077	Yes	3.976
Edi-0	L	two	0.286	0.024	5.422125182	1.301310044	18.44295302	0.24037	3.127958952	6.03622	5.79252	241.355	Yes	3.976
Edi-0	L	three	0.299	0.035	4.996481351	1.748768473	20.01408451	0.779725	13.63558498	13.1579	25.2511	721.46	No	2.66
Edi-0	L	three	0.324	0.029	5.279352227	1.531012146	18.94171779	1.053956667	16.13620458	10.9023	29.8819	1030.410345	Yes	2.66
Edi-0	L	three	0.177	0.017	5.014792899	0.852514793	19.94100295	0.822856667	7.014974808	6.39098	12.9907	764.1588235	Yes	2.66
Ge-0	H	one	0.645	0.059	5.819295559	3.43338438	17.18421053	0.282286667	9.69198632	3.79665	4.61523	78.22423729	No	15.54
Ge-0	H	one	0.47	0.042	5.702592087	2.395088677	17.53588517	0.119546667	2.863248677	2.7027	1.36345	32.46309524	Yes	15.54
Ge-0	H	one	0.442	0.042	5.731790334	2.40735194	17.44655582	0.154686667	3.723852471	2.7027	1.77326	42.22047619	No	15.54
Ge-0	H	one	0.442	0.041	5.374791782	2.203664631	18.6053719	0.240076667	5.29048459	2.63835	2.51928	61.44585366	Yes	15.54
Ge-0	H	one	0.331	0.033	5.586206897	1.843448276	17.90123457	0.502466667	9.262713103	2.12355	4.41082	133.6612121	No	15.54
Ge-0	H	two	0.762	0.08	5.788024776	4.630419821	17.27705113	0.39425	18.25543014	4.02414	6.76127	84.515875	No	19.88
Ge-0	H	two	0.791	0.071	5.80278129	4.119974716	17.23311547	0.16891	6.959049292	3.57143	2.57743	36.30183099	Yes	19.88
Ge-0	H	two	0.785	0.069	5.400552486	3.726381215	18.51662404	0.24686	9.198944669	3.47082	3.40702	49.37710145	Yes	19.88
Ge-0	H	two	0.725	0.068	5.710526316	3.883157895	17.51152074	0.34211	13.28467147	3.42052	4.92025	72.35661765	No	19.88
Ge-0	H	three	0.571	0.05	5.817245817	2.908622909	17.19026549	0.289906667	8.43229172	3.7594	3.12307	62.4614	Yes	13.3
Ge-0	H	three	0.406	0.036	6.25520111	2.251872399	15.98669623	0.151285	3.40674516	2.70677	1.26176	35.04888889	No	13.3
Ge-0	H	three	0.359	0.036	4.767786561	1.716403162	20.97409326	0.128135	2.199313192	2.70677	0.81456	22.62666667	No	13.3
Ge-0	H	three	0.347	0.034	6.117647059	2.08	16.34615385	0.149395	3.107416	2.55639	1.15089	33.84970588	No	13.3
Ge-0	H	three	0.292	0.028	5.322731525	1.490364827	18.78734622	0.307566667	4.583865419	2.10526	1.69773	60.63321429	Yes	13.3
Ge-0	H	three	0.244	0.027	5.591311344	1.509654063	17.88489209	0.215585	3.254587711	2.03008	1.2054	44.64444444	No	13.3
Ge-0	L	one	0.407	0.044	4.960474308	2.182608696	20.15936255	0.384166667	8.384855072	14.157	19.9639	453.725	No	3.108
Ge-0	L	one	0.273	0.026	4.264120923	1.10867144	23.45149254	0.680546667	7.545026529	8.36551	17.9643	690.9346154	No	3.108
Ge-0	L	one	0.284	0.025	6.02739726	1.506849315	16.59090909	0.263936667	3.977127854	8.04376	9.46935	378.774	Yes	3.108
Ge-0	L	one	0.284	0.025	5.957055215	1.489263804	16.78681771	0.239426667	3.565694683	8.04376	8.48975	339.59	Yes	3.108
Ge-0	L	one	0.177	0.017	4.981308411	0.84682243	20.0750469	0.294586667	2.494625969	5.46976	5.93959	349.3876471	Yes	3.108
Ge-0	L	one	0.163	0.015	4.175900277	0.626385042	23.94693201	0.607836667	3.807397957	4.82625	9.06523	604.3486667	No	3.108
Ge-0	L	two	0.458	0.048	4.509029345	2.164334086	22.17772215	0.8739	18.91411558	12.0724	35.0261	729.7104167	No	3.976
Ge-0	L	two	0.42	0.039	4.67611336	1.823684211	21.38528139	0.55836	10.18272316	9.80885	18.8569	483.5102564	Yes	3.976
Ge-0	L	two	0.283	0.029	4.909828674	1.423850316	20.36730946	0.27493	3.914591673	7.29376	7.24924	249.9737931	No	3.976
Ge-0	L	two	0.173	0.014	4.773095624	0.668233387	20.95076401	0.14348	0.958781264	3.52113	1.77552	126.8228571	Yes	3.976
Ge-0	L	three	0.251	0.027	5.005910165	1.351595745	19.97638725	0.652055	8.813147633	10.1504	16.3206	604.4666667	No	2.66
Ge-0	L	three	0.275	0.024	5.162162162	1.238918919	19.37172775	0.656666667	8.135567568	9.02256	15.0659	627.7458333	Yes	2.66
Ge-0	L	three	0.238	0.024	5.429799427	1.303151862	18.41688654	0.437075	5.695751003	9.02256	10.5477	439.4875	No	2.66
Ge-0	L	three	0.176	0.018	5.556506849	1.000171233	17.99691834	0.394705	3.947725865	6.76692	7.3106	406.1444444	No	2.66
Ge-0	L	three	0.191	0.017	4.883977901	0.830276243	20.47511312	1.184256667	9.832601761	6.39098	18.2085	1071.088235	Yes	2.66
Ge-0	L	three	0.145	0.016	4.238921002	0.67822736	23.59090909	0.321065	2.177550674	6.01504	4.0325	252.03125	No	2.66
Kn-0	H	one	0.425	0.038	5.523097826	2.098777174	18.10578106	0.182536667	3.831037894	2.4453	1.8243	48.00789474	Yes	15.54
Kn-0	H	one	0.489	0.033	5.671121441	1.871470076	17.63319672	0.650566667	12.17516049	2.12355	5.7977	175.6878788	Yes	15.54
Kn-0	H	one	0.222	0.022	3.604	0.79288	27.74694784	0.186236667	1.476633283	1.4157	0.703159	31.96177273	No	15.54
Kn-0	H	one	0.187	0.02	5.850439883	1.170087977	17.09273183	0.133396667	1.560858358	1.287	0.743266	37.1633	No	15.54
Kn-0	H	two	1.14	0.103	6.11752361	6.301049318	16.3464837	0.58655	36.95880477	5.18109	13.6884	132.8970874	No	19.88
Kn-0	H	two	0.742	0.072	6.103316327	4.394387755	16.38453501	0.24342	10.69681867	3.62173	3.96178	55.02472222	No	19.88
Kn-0	H	two	0.591	0.059	5.837751856	3.444273595	17.12988193	0.37573	12.94116918	2.96781	4.79303	81.23779661	No	19.88
Kn-0	H	two	0.551	0.047	5.88362069	2.765301724	16.996337	0.22596	6.248475776	2.36419	2.31425	49.2393617	Yes	19.88
Kn-0	H	two	0.477	0.044	5.738866397	2.525101215	17.42504409	0.25747	6.501378097	2.21328	2.40792	54.72545455	Yes	19.88
Kn-0	H	two	0.351	0.037	5.677139762	2.100541712	17.61450382	0.27966	5.874374951	1.86117	2.17569	58.80243243	No	19.88
Kn-0	H	three	0.473	0.042	5.971631206	2.508085106	16.74584323	0.350366667	8.787494184	3.15789	3.25463	77.49119048	Yes	13.3
Kn-0	H	three	0.46	0.04	5.924567837	2.369827135	16.87886826	0.252246667	5.977809953	3.00752	2.214	55.35	Yes	13.3
Kn-0	H	three	0.335	0.03	6.200215285	1.860064586	16.12847222	0.293295	5.455476426	2.25564	2.02055	67.35166667	No	13.3
Kn-0	H	three	0.283	0.027	4.559405941	1.231039604	21.93268187	0.276395	3.402531913	2.03008	1.2602	46.67407407	No	13.3
Kn-0	H	three	0.237	0.026	5.762711864	1.498305085	17.35294118	0.271535	4.068422712	1.95489	1.50682	57.95461538	No	13.3
Kn-0	H	three	0.211	0.025	5.34150613	1.335376532	18.72131148	0.390875	5.219653021	1.8797	1.9332	77.328	No	13.3
Kn-0	L	one	0.336	0.041	4.873417722	1.998101266	20.51948052	0.252476667	5.044739473	13.1918	12.0113	292.9585366	No	3.108
Kn-0	L	one	0.33	0.033	4.84063745	1.597410359	20.65843621	0.589756667	9.420834084	10.6178	22.4306	679.7151515	No	3.108
Kn-0	L	one	0.324	0.031	4.8346362	1.498737222	20.6840796	0.311716667	4.67181371	9.97426	11.1234	358.8193548	No	3.108
Kn-0	L	one	0.23	0.019	4.763593381	0.905082742	20.99255583	0.495666667	4.486193459	6.11326	10.6814	562.1789474	Yes	3.108
Kn-0	L	one	0.198	0.013	4.80878187	0.625141643	20.79528719	0.671676667	4.19893055	4.18275	9.99745	769.0346154	Yes	3.108
Kn-0	L	one	0.111	0.009	5.775193798	0.519767442	17.31543624	0.343956667	1.787774767	2.89575	4.25661	472.9566667	No	3.108
Kn-0	L	two	0.657	0.071	3.963290279	2.813936098	25.23156089	1.10429	31.07401494	17.8571	57.5445	810.4859155	No	3.976
Kn-0	L	two	0.556	0.056	4.322642413	2.420679751	23.13399779	0.96363	23.32639629	14.0845	43.197	771.375	No	3.976
Kn-0	L	two	0.565	0.055	4.689285714	2.579107143	21.32520944	0.97337	25.1042552	13.833	46.4894	845.2618182	No	3.976
Kn-0	L	two	0.572	0.051	5.161290323	2.632258065	19.375	0.69473	18.28708645	12.827	33.865	664.0196078	Yes	3.976
Kn-0	L	two	0.478	0.043	5	2.15	20	0.81076	17.43134	10.8149	32.2803	750.7046512	Yes	3.976
Kn-0	L	two	0.373	0.037	5.755015839	2.129355861	17.37614679	0.50371	10.72577841	9.30584	19.8626	536.827027	No	3.976
Kn-0	L	three	0.385	0.036	5.850144092	2.106051873	17.09359606	1.231006667	25.92563896	13.5338	48.0104	1333.622222	Yes	2.66
Kn-0	L	three	0.345	0.033	5.834752981	1.925468484	17.13868613	0.906025	17.44522583	12.406	32.306	978.969697	No	2.66
Kn-0	L	three	0.279	0.027	5.362637363	1.447912088	18.64754098	1.077075	15.59509912	10.1504	28.8798	1069.622222	No	2.66
Kn-0	L	three	0.272	0.027	5.338809035	1.441478439	18.73076923	1.137585	16.39804251	10.1504	30.3667	1124.692593	No	2.66
Kn-0	L	three	0.292	0.023	5.268941585	1.211856564	18.9791438	0.734156667	8.896925759	8.64662	16.4758	716.3391304	Yes	2.66
Kn-0	L	three	0.136	0.015	5.564516129	0.834677419	17.97101449	0.711295	5.93701875	5.6391	10.9945	732.9666667	No	2.66
Mh-1	H	one	0.67	0.061	5.667412379	3.457121551	17.64473684	0.148746667	5.14235307	3.92535	2.44874	40.14327869	Yes	15.54
Mh-1	H	one	0.726	0.06	4.519673875	2.711804325	22.1254902	0.304526667	8.258167317	3.861	3.93246	65.541	No	15.54
Mh-1	H	one	0.482	0.048	5.687374749	2.72993988	17.58280479	0.594536667	16.23049356	3.0888	7.72881	161.016875	No	15.54
Mh-1	H	one	0.431	0.041	5.671641791	2.325373134	17.63157895	0.151536667	3.523792935	2.63835	1.678	40.92682927	Yes	15.54
Mh-1	H	one	0.428	0.04	6.151930262	2.460772105	16.25506073	0.213436667	5.252189954	2.574	2.50104	62.526	No	15.54
Mh-1	H	two	0.842	0.077	5.507031828	4.240414508	18.15860215	0.21374	9.063461969	3.87324	3.35684	43.59532468	Yes	19.88
Mh-1	H	two	0.446	0.037	5.998263889	2.219357639	16.67149059	0.32481	7.208695547	1.86117	2.66989	72.15918919	Yes	19.88
Mh-1	H	three	0.515	0.05	4.790104948	2.395052474	20.87636933	0.203105	4.864471327	3.7594	1.80166	36.0332	No	13.3
Mh-1	H	three	0.517	0.045	5.762711864	2.593220339	17.35294118	0.249206667	6.462477966	3.38346	2.39351	53.18911111	Yes	13.3
Mh-1	H	three	0.449	0.042	6.210295728	2.608324206	16.10229277	0.181525	4.734760515	3.15789	1.75362	41.75285714	No	13.3
Mh-1	H	three	0.359	0.036	5.781990521	2.081516588	17.29508197	0.312815	6.511296114	2.70677	2.41159	66.98861111	No	13.3
Mh-1	H	three	0.392	0.034	6.050884956	2.057300885	16.52650823	0.328926667	6.767011224	2.55639	2.5063	73.71470588	Yes	13.3
Mh-1	L	one	0.39	0.04	5.185546875	2.07421875	19.28436911	0.335466667	6.9583125	12.87	16.5674	414.185	No	3.108
Mh-1	L	one	0.446	0.035	5.15727003	1.80504451	19.39010357	0.483816667	8.733106182	11.2613	20.7931	594.0885714	No	3.108
Mh-1	L	one	0.248	0.025	5.142857143	1.285714286	19.44444444	0.190296667	2.446671429	8.04376	5.82541	233.0164	Yes	3.108
Mh-1	L	one	0.261	0.022	5.453156823	1.199694501	18.33800187	0.331786667	3.980426395	7.07851	9.47721	430.7822727	Yes	3.108
Mh-1	L	one	0.228	0.022	4.646946565	1.022328244	21.51950719	0.694716667	7.102284701	7.07851	16.9102	768.6454545	No	3.108
Mh-1	L	two	0.581	0.055	4.428383706	2.435611038	22.58160237	0.77957	18.98729297	13.833	35.1617	639.3036364	Yes	3.976
Mh-1	L	two	0.448	0.045	5.294117647	2.382352941	18.88888889	0.63455	15.11722059	11.3179	27.9949	622.1088889	No	3.976
Mh-1	L	two	0.357	0.031	5.088932806	1.57756917	19.65048544	0.49803	7.856767737	7.79678	14.5496	469.3419355	Yes	3.976
Mh-1	L	two	0.293	0.029	5.233372229	1.517677946	19.10813824	0.44412	6.740311295	7.29376	12.4821	430.4172414	No	3.976
Mh-1	L	three	0.308	0.033	5.183737295	1.710633307	19.29110106	0.723035	12.36847753	12.406	22.9046	694.0787879	No	2.66
Mh-1	L	three	0.33	0.03	5.06840796	1.520522388	19.73006135	1.665285	25.32103125	11.2782	46.8908	1563.026667	No	2.66
Mh-1	L	three	0.329	0.029	5.395480226	1.564689266	18.53403141	0.753456667	11.78925558	10.9023	21.832	752.8275862	Yes	2.66
Mh-1	L	three	0.273	0.026	4.5	1.17	22.22222222	0.550315	6.4386855	9.77444	11.9235	458.5961538	No	2.66
Mh-1	L	three	0.215	0.02	4.993215739	0.998643148	20.02717391	1.316426667	13.1464047	7.5188	24.3452	1217.26	Yes	2.66
Mh-1	L	three	0.126	0.014	4.667309547	0.653423337	21.42561983	0.764255	4.993820521	5.26316	9.24782	660.5585714	No	2.66
Mr-0	H	one	0.425	0.039	5.630043451	2.195716946	17.76185226	0.166286667	3.651184519	2.50965	1.73866	44.58102564	Yes	15.54
Mr-0	H	one	0.349	0.028	5.260180995	1.472850679	19.01075269	0.274016667	4.035856335	1.8018	1.92184	68.63714286	Yes	15.54
Mr-0	H	one	0.288	0.028	5.572792363	1.560381862	17.94432548	0.091776667	1.43206646	1.8018	0.681936	24.35485714	No	15.54
Mr-0	H	one	0.217	0.018	5.112406328	0.920233139	19.56026059	0.470076667	4.325801266	1.1583	2.05991	114.4394444	No	15.54
Mr-0	H	two	0.749	0.069	5.614489004	3.873997413	17.81105991	0.28149	10.90491532	3.47082	4.03886	58.5342029	Yes	19.88
Mr-0	H	two	0.837	0.068	5.579514825	3.794070081	17.92270531	0.15334	5.817827062	3.42052	2.15475	31.6875	Yes	19.88
Mr-0	H	two	0.464	0.045	5.84095064	2.628427788	17.12050078	0.17418	4.578195521	2.26358	1.69563	37.68066667	No	19.88
Mr-0	H	three	0.444	0.039	5.522727273	2.153863636	18.10699588	0.224506667	4.835567455	2.93233	1.79095	45.92179487	Yes	13.3
Mr-0	H	three	0.478	0.037	5.770334928	2.135023923	17.33001658	0.271526667	5.797159292	2.78195	2.1471	58.02972973	Yes	13.3
Mr-0	H	three	0.31	0.032	5.491585474	1.757307352	18.20967742	0.357325	6.279298494	2.40602	2.32567	72.6771875	No	13.3
Mr-0	H	three	0.36	0.029	6.043425814	1.752593486	16.54690619	0.172145	3.017002057	2.18045	1.11741	38.53137931	No	13.3
Mr-0	H	three	0.312	0.028	5.971302428	1.67196468	16.74676525	0.251835	4.210592252	2.10526	1.55948	55.69571429	No	13.3
Mr-0	L	one	0.365	0.031	4.808510638	1.490638298	20.79646018	0.341376667	5.088691333	9.97426	12.1159	390.8354839	Yes	3.108
Mr-0	L	one	0.204	0.019	4.173982442	0.793056664	23.95793499	0.364356667	2.889554826	6.11326	6.87989	362.0994737	Yes	3.108
Mr-0	L	one	0.179	0.017	4.109477124	0.698611111	24.33399602	0.423506667	2.95866463	5.46976	7.04444	414.3788235	No	3.108
Mr-0	L	one	0.185	0.016	4.286445013	0.685831202	23.32935561	0.268166667	1.839170673	5.14801	4.37898	273.68625	No	3.108
Mr-0	L	two	0.449	0.04	4.826388889	1.930555556	20.71942446	0.53229	10.27615417	10.0604	19.0299	475.7475	Yes	3.976
Mr-0	L	two	0.361	0.036	5.195710456	1.870455764	19.24664603	0.33102	6.19158267	9.05433	11.4659	318.4972222	No	3.976
Mr-0	L	two	0.437	0.033	4.907264297	1.619397218	20.37795276	0.51489	8.338114335	8.2998	15.441	467.9090909	Yes	3.976
Mr-0	L	two	0.137	0.012	4.983677911	0.598041349	20.06550218	0.08667	0.518322437	3.01811	0.959856	79.988	No	3.976
Mr-0	L	three	0.27	0.025	4.943820225	1.235955056	20.22727273	0.389856667	4.818453184	9.3985	8.92306	356.9224	Yes	2.66
Mr-0	L	three	0.308	0.023	5.094339623	1.171698113	19.62962963	0.706876667	8.282460566	8.64662	15.3379	666.8652174	Yes	2.66
Mr-0	L	three	0.216	0.019	5.500603136	1.045114596	18.17982456	0.384645	4.019981037	7.14286	7.44441	391.8110526	No	2.66
Mr-0	L	three	0.103	0.012	4.820295983	0.578435518	20.74561404	0.541435	3.131852347	4.51128	5.79973	483.3108333	No	2.66
Mt-0	H	one	0.723	0.071	5.487341772	3.896012658	18.22376009	0.210496667	8.200976778	4.56885	3.90523	55.00323944	Yes	15.54
Mt-0	H	one	0.653	0.064	5.95734127	3.812698413	16.78601166	0.149326667	5.69337545	4.1184	2.71113	42.36140625	No	15.54
Mt-0	H	one	0.618	0.06	5.648896069	3.389337641	17.70257388	0.144186667	4.886972967	3.861	2.32713	38.7855	No	15.54
Mt-0	H	one	0.475	0.054	5.486238532	2.962568807	18.22742475	0.270776667	8.021945064	3.4749	3.81997	70.74018519	No	15.54
Mt-0	H	one	0.428	0.045	5.464	2.4588	18.30161054	0.130706667	3.21381552	2.89575	1.53039	34.00866667	Yes	15.54
Mt-0	H	two	0.799	0.081	5.433255269	4.400936768	18.40517241	0.24303	10.69559663	4.07445	3.96133	48.90530864	Yes	19.88
Mt-0	H	two	0.8	0.08	5.805350028	4.644280023	17.2254902	0.44832	20.8212362	4.02414	7.71157	96.394625	No	19.88
Mt-0	H	two	0.605	0.062	5.36036036	3.323423423	18.65546218	0.10518	3.495576757	3.11871	1.29466	20.8816129	Yes	19.88
Mt-0	H	two	0.482	0.058	5.320447609	3.085859613	18.79541109	0.13442	4.148012492	2.91751	1.5363	26.48793103	No	19.88
Mt-0	H	two	0.572	0.057	5.526083112	3.149867374	18.096	0.33151	10.44212533	2.8672	3.86745	67.85	No	19.88
Mt-0	H	three	0.436	0.051	5.137111517	2.619926874	19.46619217	0.214505	5.619874141	3.83459	2.08143	40.81235294	No	13.3
Mt-0	H	three	0.5	0.048	5.760266371	2.764927858	17.36030829	0.282956667	7.823547703	3.60902	2.89761	60.366875	Yes	13.3
Mt-0	H	three	0.432	0.04	5.472081218	2.188832487	18.27458256	0.197456667	4.321995668	3.00752	1.60074	40.0185	Yes	13.3
Mt-0	H	three	0.414	0.04	4.422382671	1.768953069	22.6122449	0.091175	1.61284296	3.00752	0.597349	14.933725	No	13.3
Mt-0	H	three	0.322	0.038	5.450324977	2.071123491	18.34752981	0.116155	2.405713491	2.85714	0.891005	23.4475	No	13.3
Mt-0	H	three	0.323	0.037	5.805882353	2.148176471	17.22391084	0.187445	4.026649385	2.78195	1.49135	40.30675676	No	13.3
Mt-0	L	one	0.249	0.026	5.08644222	1.322474977	19.66010733	0.356936667	4.720398101	8.36551	11.239	432.2692308	No	3.108
Mt-0	L	one	0.25	0.025	5.150421179	1.287605295	19.41588785	0.205316667	2.643668271	8.04376	6.29445	251.778	Yes	3.108
Mt-0	L	one	0.269	0.023	5.016025641	1.153685897	19.93610224	0.330846667	3.816931335	7.40026	9.08793	395.1273913	Yes	3.108
Mt-0	L	one	0.218	0.021	4.98714653	1.047300771	20.05154639	0.281426667	2.94738365	6.75676	7.01758	334.1704762	No	3.108
Mt-0	L	one	0.199	0.02	4.303329223	0.860665845	23.23782235	0.108896667	0.937236416	6.43501	2.23152	111.576	No	3.108
Mt-0	L	two	0.385	0.043	5.163853029	2.220456802	19.36538462	0.8334	18.50528699	10.8149	34.269	796.9534884	No	3.976
Mt-0	L	two	0.335	0.037	4.962162162	1.836	20.15250545	0.45888	8.4250368	9.30584	15.6019	421.672973	Yes	3.976
Mt-0	L	two	0.35	0.036	4.833989871	1.740236353	20.68684517	0.45676	7.948703568	9.05433	14.7198	408.8833333	No	3.976
Mt-0	L	two	0.328	0.035	5.039439089	1.763803681	19.84347826	0.54868	9.677638037	8.80282	17.9216	512.0457143	Yes	3.976
Mt-0	L	two	0.0923	0.009	5.27638191	0.474874372	18.95238095	0.2809	1.333922111	2.26358	2.47023	274.47	No	3.976
Mt-0	L	two	0.089	0.007	5.449871465	0.381491003	18.3490566	0.21437	0.817802262	1.76056	1.51445	216.35	No	3.976
Mt-0	L	three	0.27	0.03	5.189456343	1.556836903	19.26984127	1.025585	15.96668575	11.2782	29.5679	985.5966667	No	2.66
Mt-0	L	three	0.242	0.024	4.982935154	1.195904437	20.06849315	1.180426667	14.11677488	9.02256	26.1422	1089.258333	Yes	2.66
Mt-0	L	three	0.163	0.02	5.348338692	1.069667738	18.69739479	0.523025	5.594629689	7.5188	10.3604	518.02	No	2.66
Mt-0	L	three	0.15	0.017	5.537777778	0.941422222	18.05778491	0.301205	2.835610804	6.39098	5.25113	308.89	No	2.66
Mt-0	L	three	0.185	0.016	5.53015873	0.884825397	18.08266361	0.422546667	3.73880022	6.01504	6.9237	432.73125	Yes	2.66
N13	H	one	0.451	0.04	5.979703357	2.391881343	16.7232376	0.170476667	4.077599584	2.574	1.94171	48.54275	No	15.54
N13	H	one	0.424	0.039	5.684610884	2.216998245	17.59135358	0.220606667	4.890845927	2.50965	2.32897	59.71717949	Yes	15.54
N13	H	one	0.235	0.023	5.397039031	1.241318977	18.5286783	0.061336667	0.761383683	1.48005	0.362564	15.76365217	No	15.54
N13	H	one	0.227	0.022	5.592592593	1.23037037	17.8807947	0.219676667	2.702836617	1.4157	1.28707	58.50318182	Yes	15.54
N13	H	one	0.133	0.012	5.208121827	0.624974619	19.20077973	0.224576667	1.403547168	0.772201	0.668356	55.69633333	No	15.54
N13	H	two	0.68	0.071	5.731707317	4.069512195	17.44680851	0.30124	12.25899854	3.57143	4.54037	63.94887324	No	19.88
N13	H	two	0.483	0.042	5.469678954	2.297265161	18.2826087	0.27058	6.215940071	2.11268	2.3022	54.81428571	Yes	19.88
N13	H	two	0.379	0.033	5.478881618	1.808030934	18.25190011	0.23437	4.2374821	1.65996	1.56944	47.55878788	Yes	19.88
N13	H	two	0.147	0.015	6.01744186	0.902616279	16.61835749	0.26001	2.346892587	0.754527	0.869219	57.94793333	No	19.88
N13	H	three	0.159	0.018	5.403800475	0.972684086	18.50549451	0.323316667	3.144849762	1.35338	1.16476	64.70888889	Yes	13.3
N13	H	three	0.0967	0.013	4.356687898	0.566369427	22.95321637	0.177755	1.006749975	0.977444	0.37287	28.68230769	No	13.3
N13	H	three	0.119	0.012	6.023797719	0.722855726	16.60082305	0.263775	1.906712692	0.902256	0.70619	58.84916667	No	13.3
N13	H	three	0.0762	0.008	5.780051151	0.462404092	17.30088496	0.165726667	0.766326888	0.601504	0.283825	35.478125	Yes	13.3
N13	H	three	0.0687	0.006	5.918032787	0.355081967	16.89750693	0.300215	1.066009328	0.451128	0.394818	65.803	No	13.3
N13	L	one	0.301	0.028	5.357466063	1.500090498	18.66554054	0.306156667	4.592627065	9.00901	10.9348	390.5285714	Yes	3.108
N13	L	one	0.203	0.021	5.372035977	1.128127555	18.61491629	0.182476667	2.058569558	6.75676	4.90136	233.3980952	No	3.108
N13	L	one	0.145	0.015	4.855491329	0.728323699	20.5952381	0.381526667	2.778749133	4.82625	6.61607	441.0713333	No	3.108
N13	L	one	0.075	0.008	4.777777778	0.382222222	20.93023256	0.117526667	0.449213037	2.574	1.06955	133.69375	No	3.108
N13	L	two	0.181	0.017	5.162287481	0.877588872	19.37125749	0.38654	3.392232025	4.27565	6.28191	369.5241176	Yes	3.976
N13	L	two	0.147	0.017	5.035306898	0.856002173	19.85976268	0.22622	1.936448115	4.27565	3.58602	210.9423529	No	3.976
N13	L	two	0.2	0.015	5.259467041	0.788920056	19.01333333	0.4973	3.923299439	3.77264	7.26537	484.358	Yes	3.976
N13	L	two	0.093	0.004	4.854651163	0.194186047	20.5988024	0.44033	0.855059419	1.00604	1.58344	395.86	No	3.976
N13	L	three	0.075	0.008	5.344551282	0.427564103	18.71064468	0.181326667	0.775287735	3.00752	1.43572	179.465	Yes	2.66
N13	L	three	0.0623	0.008	4.525993884	0.362079511	22.09459459	0.354295	1.282829602	3.00752	2.37561	296.95125	Yes	2.66
Oy-0	H	one	0.632	0.057	5.649563319	3.220251092	17.70048309	0.176186667	5.673653057	3.66795	2.70174	47.39894737	Yes	15.54
Oy-0	H	one	0.607	0.055	5.810950413	3.196022727	17.20888889	0.260056667	8.31147017	3.53925	3.95784	71.96072727	Yes	15.54
Oy-0	H	one	0.465	0.044	6.245398773	2.74797546	16.01178782	0.368926667	10.13801427	2.8314	4.82763	109.7188636	No	15.54
Oy-0	H	one	0.24	0.024	5.660121869	1.358429248	17.66746411	0.070516667	0.957919025	1.5444	0.456152	19.00633333	No	15.54
Oy-0	H	two	0.988	0.095	6.06557377	5.762295082	16.48648649	0.37461	21.58613361	4.77867	7.99486	84.15642105	No	19.88
Oy-0	H	two	0.748	0.07	5.382550336	3.767785235	18.57855362	0.27793	10.4718055	3.52113	3.87845	55.40642857	Yes	19.88
Oy-0	H	two	0.565	0.055	5.743243243	3.158783784	17.41176471	0.2828	8.933040541	2.7666	3.30853	60.15509091	No	19.88
Oy-0	H	two	0.344	0.028	5.548780488	1.553658537	18.02197802	0.27296	4.240866341	1.40845	1.57069	56.09607143	Yes	19.88
Oy-0	H	three	0.652	0.059	5.757271815	3.396790371	17.36933798	0.349126667	11.859101	4.43609	4.39226	74.44508475	Yes	13.3
Oy-0	H	three	0.402	0.04	4.883158743	1.953263497	20.47854785	0.265995	5.195583239	3.00752	1.92429	48.10725	No	13.3
Oy-0	H	three	0.403	0.038	5.626262626	2.137979798	17.77378815	0.306226667	6.547064269	2.85714	2.42484	63.81157895	Yes	13.3
Oy-0	H	three	0.125	0.013	5.180722892	0.673493976	19.30232558	0.391485	2.636627892	0.977444	0.976529	75.11761538	No	13.3
Oy-0	H	three	0.128	0.013	6.513157895	0.846710526	15.35353535	0.221785	1.877876941	0.977444	0.69551	53.50076923	No	13.3
Oy-0	L	one	0.39	0.039	4.690217391	1.829184783	21.32097335	0.936436667	17.12915701	12.5483	40.7837	1045.735897	No	3.108
Oy-0	L	one	0.192	0.021	5.080213904	1.06684492	19.68421053	0.237436667	2.533081016	6.75676	6.03115	287.197619	Yes	3.108
Oy-0	L	one	0.257	0.015	5.264781491	0.789717224	18.99414063	0.281376667	2.22208	4.82625	5.29067	352.7113333	No	3.108
Oy-0	L	one	0.123	0.015	4.789579158	0.718436874	20.87866109	0.078066667	0.560859719	4.82625	1.33538	89.02533333	No	3.108
Oy-0	L	one	0.064	0.006	2.917570499	0.17505423	34.27509294	0.394476667	0.690548091	1.9305	1.64416	274.0266667	Yes	3.108
Oy-0	L	two	0.535	0.052	4.477933262	2.328525296	22.33173077	0.88981	20.71945094	13.0785	38.3694	737.8730769	Yes	3.976
Oy-0	L	two	0.461	0.046	5.592991914	2.57277628	17.87951807	0.62562	16.09580296	11.5694	29.807	647.9782609	No	3.976
Oy-0	L	two	0.254	0.025	5.558712121	1.38967803	17.98977853	0.29577	4.11025071	6.28773	7.61158	304.4632	No	3.976
Oy-0	L	two	0.183	0.013	5.079646018	0.660353982	19.68641115	0.79632	5.258530832	3.26962	9.73802	749.0784615	Yes	3.976
Oy-0	L	two	0.067	0.004	5.348837209	0.213953488	18.69565217	0.68239	1.459997209	1.00604	2.7037	675.925	No	3.976
Oy-0	L	two	0.0711	0.003	5	0.15	20	0.41072	0.61608	0.754527	1.14089	380.2966667	No	3.976
Oy-0	L	three	0.304	0.034	4.705882353	1.6	21.25	0.782655	12.52248	12.782	23.1898	682.0529412	No	2.66
Oy-0	L	three	0.362	0.032	5.813734713	1.860395108	17.20064725	0.816005	15.1809171	12.0301	28.1128	878.525	No	2.66
Oy-0	L	three	0.302	0.032	5.372972973	1.719351351	18.61167002	0.863235	14.84204264	12.0301	27.4853	858.915625	No	2.66
Oy-0	L	three	0.226	0.023	5.326086957	1.225	18.7755102	1.380486667	16.91096167	8.64662	31.3166	1361.591304	Yes	2.66
Oy-0	L	three	0.198	0.016	5.343422584	0.854947614	18.71459695	0.670846667	5.735387567	6.01504	10.6211	663.81875	Yes	2.66
Oy-0	L	three	0.161	0.016	5.897887324	0.943661972	16.95522388	0.568176667	5.361667136	6.01504	9.92901	620.563125	No	2.66
Sakata	H	one	0.94	0.075	6.310107949	4.732580962	15.84758942	0.252086667	11.93020559	4.82625	5.68105	75.74733333	No	15.54
Sakata	H	one	0.928	0.068	5.901398087	4.012950699	16.94513716	0.254406667	10.20921411	4.3758	4.86153	71.49308824	Yes	15.54
Sakata	H	one	0.644	0.062	5.687478676	3.526236779	17.5824835	0.142506667	5.025122493	3.9897	2.39292	38.59548387	No	15.54
Sakata	H	one	0.716	0.051	5.884543762	3.001117318	16.99367089	0.380096667	11.40714689	3.28185	5.43197	106.5092157	Yes	15.54
Sakata	H	two	1.46	0.121	6.425702811	7.775100402	15.5625	0.6512	50.63145382	6.08652	18.7524	154.9785124	No	19.88
Sakata	H	two	0.868	0.076	6.138228942	4.665053996	16.29134412	0.18817	8.778232104	3.82294	3.2512	42.77894737	No	19.88
Sakata	H	two	0.909	0.07	6.075494308	4.252846016	16.45956607	0.5555	23.62455962	3.52113	8.74984	124.9977143	No	19.88
Sakata	H	two	0.994	0.067	5.926724138	3.970905172	16.87272727	0.2797	11.10662177	3.37022	4.11356	61.39641791	Yes	19.88
Sakata	H	two	0.866	0.037	5.423553719	2.006714876	18.43809524	0.32223	6.466237345	1.86117	2.3949	64.72702703	Yes	19.88
Sakata	H	three	0.549	0.048	4.79285134	2.300568643	20.86440678	1.965815	45.22492348	3.60902	16.75	348.9583333	No	13.3
Sakata	H	three	0.302	0.027	6.018991965	1.625127831	16.61407767	0.211125	3.431051132	2.03008	1.27076	47.06518519	No	13.3
Sakata	H	three	0.288	0.025	5.296592343	1.324148086	18.88006354	1.596455	21.13942832	1.8797	7.82942	313.1768	No	13.3
Sakata	H	three	0.289	0.022	5.77147623	1.269724771	17.3265896	0.198296667	2.517821896	1.65414	0.932527	42.38759091	Yes	13.3
Sakata	H	three	0.257	0.022	6.045901639	1.330098361	16.54013015	0.328395	4.367976511	1.65414	1.61777	73.535	No	13.3
Sakata	H	three	0.22	0.017	5.534825871	0.940920398	18.06741573	0.518696667	4.88052274	1.2782	1.8076	106.3294118	Yes	13.3
Sakata	L	one	0.736	0.077	4.029363785	3.102610114	24.81781377	0.673796667	20.90528353	24.7748	49.7745	646.4220779	No	3.108
Sakata	L	one	0.515	0.049	3.196930946	1.566496164	31.28	0.613996667	9.618234228	15.7658	22.9006	467.3591837	No	3.108
Sakata	L	one	0.444	0.033	4.72737819	1.560034803	21.15337423	0.597746667	9.325056032	10.6178	22.2025	672.8030303	Yes	3.108
Sakata	L	one	0.364	0.026	4.865424431	1.265010352	20.55319149	0.444106667	5.617995307	8.36551	13.3762	514.4692308	Yes	3.108
Sakata	L	one	0.167	0.014	4.519402985	0.632716418	22.12681638	0.521586667	3.300164474	4.5045	7.85753	561.2521429	No	3.108
Sakata	L	two	0.564	0.055	5.179584121	2.848771267	19.30656934	0.84035	23.93964934	13.833	44.3327	806.0490909	No	3.976
Sakata	L	two	0.589	0.047	4.32885906	2.034563758	23.10077519	1.03117	20.97981111	11.8209	38.8515	826.6276596	Yes	3.976
Sakata	L	two	0.486	0.045	5.087579618	2.289410828	19.65571205	0.64699	14.81225912	11.3179	27.4301	609.5577778	No	3.976
Sakata	L	two	0.423	0.033	5.23682455	1.728152101	19.0955414	0.70563	12.19435967	8.2998	22.5821	684.3060606	No	3.976
Sakata	L	two	0.609	0.026	4.606328182	1.197645327	21.70926518	0.67292	8.059194937	6.53924	14.9244	574.0153846	Yes	3.976
Sakata	L	two	0.252	0.022	5.678431373	1.249254902	17.61049724	0.26638	3.327765208	5.5332	6.16253	280.115	No	3.976
Sakata	L	three	0.235	0.021	4.483897605	0.941618497	22.30202578	1.937276667	18.24175543	7.89474	33.781	1608.619048	No	2.66
Sakata	L	three	0.185	0.016	5.783991228	0.925438597	17.28909953	0.689755	6.383258991	6.01504	11.8208	738.8	No	2.66
Sakata	L	three	0.159	0.011	5.758293839	0.633412322	17.36625514	0.561546667	3.556905782	4.13534	6.58686	598.8054545	Yes	2.66
Shahdara	H	one	0.761	0.065	6.145059966	3.994288978	16.2732342	0.533416667	21.30620312	4.18275	10.1458	156.0892308	No	15.54
Shahdara	H	one	0.783	0.063	6.015857284	3.789990089	16.62273476	0.249056667	9.439222983	4.05405	4.49487	71.34714286	No	15.54
Shahdara	H	one	0.661	0.048	5.656136087	2.714945322	17.67991407	0.303706667	8.245469939	3.0888	3.92641	81.80020833	Yes	15.54
Shahdara	H	one	0.376	0.025	5.650118203	1.412529551	17.69874477	0.272976667	3.855876084	1.60875	1.83613	73.4452	Yes	15.54
Shahdara	H	two	1.706	0.133	6.346405229	8.440718954	15.7569516	0.4797	40.49012882	6.69014	14.9963	112.7541353	No	19.88
Shahdara	H	two	1.421	0.091	5.929778934	5.39609883	16.86403509	0.33713	18.19186798	4.57746	6.73773	74.04098901	Yes	19.88
Shahdara	H	two	0.884	0.072	6.301715439	4.537235116	15.86869496	0.31499	14.29183689	3.62173	5.29327	73.51763889	No	19.88
Shahdara	H	two	0.853	0.061	6.165670367	3.761058924	16.21883657	0.34469	12.96399401	3.06841	4.80148	78.71278689	Yes	19.88
Shahdara	H	three	1.071	0.085	5.333333333	4.533333333	18.75	1.119745	50.76177333	6.39098	18.8007	221.1847059	No	13.3
Shahdara	H	three	0.959	0.082	5.878220141	4.820140515	17.01195219	0.544245	26.23337375	6.16541	9.71606	118.4885366	No	13.3
Shahdara	H	three	0.873	0.064	5.032206119	3.220611916	19.872	1.153245	37.14154589	4.81203	13.7561	214.9390625	No	13.3
Shahdara	H	three	0.891	0.062	5.572519084	3.454961832	17.94520548	1.159346667	40.05498483	4.66165	14.8352	239.2774194	Yes	13.3
Shahdara	H	three	0.624	0.048	5.936952715	2.849737303	16.84365782	1.062545	30.27974123	3.60902	11.2147	233.6395833	No	13.3
Shahdara	H	three	0.463	0.028	5.747508306	1.609302326	17.39884393	1.189926667	19.14951752	2.10526	7.09241	253.3003571	Yes	13.3
Shahdara	L	one	0.732	0.055	4.425634825	2.434099154	22.59562842	0.832266667	20.25819589	17.6963	48.2338	876.9781818	No	3.108
Shahdara	L	one	0.585	0.039	4.693200663	1.830348259	21.30742049	0.789726667	14.45474829	12.5483	34.4161	882.4641026	No	3.108
Shahdara	L	one	0.423	0.033	5.27256479	1.739946381	18.96610169	0.564076667	9.814631546	10.6178	23.3682	708.1272727	No	3.108
Shahdara	L	one	0.44	0.032	5.298598416	1.695551493	18.87291547	0.732296667	12.41646706	10.296	29.563	923.84375	Yes	3.108
Shahdara	L	two	0.861	0.096	2.726218097	2.617169374	36.68085106	0.7606	19.90619026	24.1449	36.8633	383.9927083	No	3.976
Shahdara	L	two	0.845	0.072	3.608870968	2.598387097	27.70949721	0.89046	23.13759774	18.1087	42.8474	595.1027778	Yes	3.976
Shahdara	L	two	0.828	0.069	3.298791019	2.276165803	30.31413613	0.94775	21.5723614	17.3541	39.9488	578.9681159	Yes	3.976
Shahdara	L	two	0.772	0.064	4.723356851	3.022948385	21.17138365	0.92734	28.03300955	16.0966	51.913	811.140625	No	3.976
Shahdara	L	two	0.447	0.053	3.859513701	2.045542262	25.91	0.82969	16.97165959	13.33	31.429	593	No	3.976
Shahdara	L	two	0.61	0.049	4.072011878	1.99528582	24.55788514	1.61763	32.27634202	12.3239	59.771	1219.816327	No	3.976
Shahdara	L	three	0.459	0.045	3.988245172	1.794710327	25.07368421	1.086795	19.5048221	16.9173	36.12	802.6666667	No	2.66
Shahdara	L	three	0.469	0.034	4.957463264	1.68553751	20.17160686	0.660956667	11.14067254	12.782	20.6309	606.7911765	Yes	2.66
Shahdara	L	three	0.481	0.033	4.856787049	1.602739726	20.58974359	0.701356667	11.24092192	12.406	20.8165	630.8030303	No	2.66
Shahdara	L	three	0.224	0.02	5.520614955	1.104122991	18.11392405	0.662875	7.318955276	7.5188	13.5536	677.68	No	2.66
St-0	H	one	0.554	0.056	5.623167155	3.148973607	17.78357236	0.193526667	6.094103656	3.6036	2.90195	51.82053571	Yes	15.54
St-0	H	one	0.448	0.044	5.894538606	2.593596987	16.96485623	0.197706667	5.127714149	2.8314	2.44177	55.49477273	Yes	15.54
St-0	H	one	0.399	0.038	6.03423161	2.293008012	16.57211829	0.155686667	3.56990774	2.4453	1.69996	44.73578947	No	15.54
St-0	H	one	0.266	0.025	5.794849023	1.448712256	17.25670498	0.255246667	3.697789742	1.60875	1.76085	70.434	No	15.54
St-0	H	two	0.599	0.057	6.077738516	3.464310954	16.45348837	0.33975	11.76999647	2.8672	4.35926	76.47824561	Yes	19.88
St-0	H	two	0.612	0.056	5.732600733	3.21025641	17.44408946	0.27381	8.790003077	2.8169	3.25556	58.135	Yes	19.88
St-0	H	two	0.622	0.056	6.10738255	3.420134228	16.37362637	0.34933	11.9475549	2.8169	4.42502	79.01821429	No	19.88
St-0	H	two	0.189	0.014	6.158861885	0.862240664	16.23676612	0.36222	3.123208133	0.704225	1.15674	82.62428571	No	19.88
St-0	H	three	0.477	0.041	5.965909091	2.446022727	16.76190476	0.303566667	7.425309659	3.08271	2.75011	67.07585366	Yes	13.3
St-0	H	three	0.405	0.039	5.781637717	2.25483871	17.29613734	0.436316667	9.838237097	2.93233	3.64379	93.43051282	Yes	13.3
St-0	H	three	0.31	0.034	5.587918015	1.899892125	17.8957529	0.332625	6.319516181	2.55639	2.34056	68.84	No	13.3
St-0	H	three	0.2	0.022	5.919282511	1.302242152	16.89393939	0.258305	3.363756592	1.65414	1.24584	56.62909091	No	13.3
St-0	H	three	0.158	0.019	4.781869688	0.908555241	20.91232227	0.202865	1.843140589	1.42857	0.682645	35.92868421	No	13.3
St-0	L	one	0.355	0.032	4.242692648	1.357661647	23.56993737	0.408616667	5.547631769	10.296	13.2086	412.76875	No	3.108
St-0	L	one	0.281	0.027	5.566722501	1.503015075	17.96389168	0.369936667	5.560203869	8.68726	13.2386	490.3185185	Yes	3.108
St-0	L	one	0.24	0.027	4.79300828	1.294112236	20.86372361	0.254656667	3.295543082	8.68726	7.84653	290.6122222	No	3.108
St-0	L	one	0.275	0.025	5.832476876	1.458119219	17.14537445	0.318966667	4.650914269	8.04376	11.0736	442.944	No	3.108
St-0	L	one	0.26	0.022	4.607609988	1.013674197	21.70322581	0.576226667	5.841061038	7.07851	13.9073	632.15	No	3.108
St-0	L	one	0.18	0.019	4.383078731	0.832784959	22.8150134	0.663256667	5.523501759	6.11326	13.1512	692.1684211	Yes	3.108
St-0	L	two	0.424	0.041	4.772727273	1.956818182	20.95238095	0.90843	17.77632341	10.3119	32.9191	802.904878	Yes	3.976
St-0	L	two	0.389	0.038	5.174165457	1.966182874	19.32678822	0.38391	7.548372671	9.55734	13.9785	367.8552632	No	3.976
St-0	L	two	0.272	0.029	5.798671793	1.68161482	17.24532851	0.45913	7.720798123	7.29376	14.2978	493.0275862	No	3.976
St-0	L	two	0.253	0.024	5.092592593	1.222222222	19.63636364	0.66337	8.107855556	6.03622	15.0145	625.6041667	Yes	3.976
St-0	L	two	0.26	0.024	5.51067513	1.322562031	18.14659686	0.35507	4.696021004	6.03622	8.69634	362.3475	No	3.976
St-0	L	three	0.245	0.028	5.428443248	1.519964109	18.4214876	0.695175	10.5664105	10.5263	19.5674	698.8357143	No	2.66
St-0	L	three	0.278	0.027	5.702746365	1.539741519	17.53541076	0.535245	8.241389491	10.1504	15.2618	565.2518519	No	2.66
St-0	L	three	0.197	0.019	4.87804878	0.926829268	20.5	1.044126667	9.677271545	7.14286	17.9209	943.2052632	Yes	2.66
St-0	L	three	0.176	0.018	5.119780972	0.921560575	19.53208556	0.422085	3.889768953	6.76692	7.20328	400.1822222	No	2.66
St-0	L	three	0.179	0.014	5.262076053	0.736690648	19.00390625	0.500866667	3.68983789	5.26316	6.83303	488.0735714	Yes	2.66
St-0	L	three	0.143	0.013	5.615808824	0.730055147	17.80687398	0.442165	3.228048341	4.88722	5.97787	459.8361538	No	2.66
Stw-0	H	one	1.34	0.13	4.845956354	6.299743261	20.63576159	0.549446667	34.61372935	8.36551	16.4827	126.79	No	15.54
Stw-0	H	one	0.832	0.079	5.982142857	4.725892857	16.71641791	0.342016667	16.16334122	5.08366	7.69683	97.42822785	No	15.54
Stw-0	H	one	0.406	0.065	5.532170776	3.595911004	18.07608696	0.162816667	5.854742433	4.18275	2.78797	42.89184615	Yes	15.54
Stw-0	H	one	0.61	0.044	5.595640737	2.462081924	17.8710544	0.707546667	17.42037858	2.8314	8.29542	188.5322727	Yes	15.54
Stw-0	H	one	0.32	0.032	5.522580645	1.767225806	18.10747664	0.161526667	2.854540938	2.0592	1.35931	42.4784375	No	15.54
Stw-0	H	two	1.458	0.145	6.360608944	9.222882969	15.72176515	0.44893	41.40428851	7.29376	15.3349	105.757931	No	19.88
Stw-0	H	two	0.645	0.072	5.285505124	3.80556369	18.91966759	0.3891	14.80744832	3.62173	5.48424	76.17	Yes	19.88
Stw-0	H	two	0.643	0.069	5.672583826	3.91408284	17.6286509	0.20815	8.147163432	3.47082	3.01747	43.73144928	No	19.88
Stw-0	H	two	0.675	0.067	5.263157895	3.526315789	19	0.22063	7.780110526	3.37022	2.88152	43.00776119	Yes	19.88
Stw-0	H	three	0.338	0.037	4.476409666	1.656271577	22.33933162	0.311766667	5.163702685	2.78195	1.91248	51.68864865	Yes	13.3
Stw-0	H	three	0.266	0.035	5.022321429	1.7578125	19.91111111	0.322095	5.661826172	2.63158	2.09697	59.91342857	No	13.3
Stw-0	H	three	0.234	0.028	5.528700906	1.548036254	18.08743169	0.258765	4.005776012	2.10526	1.48362	52.98642857	No	13.3
Stw-0	H	three	0.24	0.025	5.365384615	1.341346154	18.63799283	0.483886667	6.490595192	1.8797	2.40392	96.1568	Yes	13.3
Stw-0	H	three	0.174	0.018	5.646437995	1.016358839	17.71028037	0.371905	3.77988934	1.35338	1.39996	77.77555556	No	13.3
Stw-0	L	one	0.538	0.067	3.899341486	2.612558796	25.64535585	0.559206667	14.60960296	21.5573	34.7848	519.1761194	No	3.108
Stw-0	L	one	0.268	0.037	4.248434238	1.571920668	23.53808354	0.549726667	8.641267091	11.9048	20.5744	556.0648649	Yes	3.108
Stw-0	L	one	0.201	0.022	4.807445443	1.057637997	20.80106809	0.737616667	7.801314142	7.07851	18.5746	844.3	Yes	3.108
Stw-0	L	one	0.115	0.017	4.573643411	0.77751938	21.86440678	0.191426667	1.488379432	5.46976	3.54376	208.4564706	No	3.108
Stw-0	L	two	0.429	0.053	4.648074369	2.463479416	21.51428571	0.92454	22.77585259	13.33	42.1775	795.8018868	No	3.976
Stw-0	L	two	0.318	0.043	4.709569578	2.025114919	21.23336291	0.58803	11.90828326	10.8149	22.0524	512.8465116	No	3.976
Stw-0	L	two	0.356	0.039	4.523809524	1.764285714	22.10526316	0.80855	14.26513214	9.80885	26.4169	677.3564103	Yes	3.976
Stw-0	L	two	0.342	0.034	4.953703704	1.684259259	20.18691589	0.64654	10.88940981	8.55131	20.1656	593.1058824	Yes	3.976
Stw-0	L	two	0.147	0.015	5.13363029	0.770044543	19.47939262	0.29002	2.233283185	3.77264	4.13571	275.714	No	3.976
Stw-0	L	three	0.311	0.034	5.160662123	1.754625122	19.37735849	1.077646667	18.90865914	12.782	35.016	1029.882353	Yes	2.66
Stw-0	L	three	0.165	0.019	4.017725258	0.763367799	24.88970588	0.615505	4.698566972	7.14286	8.70105	457.95	No	2.66
Stw-0	L	three	0.18	0.019	5.585023401	1.061154446	17.90502793	0.656515	6.966638112	7.14286	12.9012	679.0105263	No	2.66
Stw-0	L	three	0.13	0.018	5.421052632	0.975789474	18.44660194	0.643735	6.281498368	6.76692	11.6324	646.2444444	No	2.66
Stw-0	L	three	0.117	0.017	5.3125	0.903125	18.82352941	0.347425	3.137682031	6.39098	5.81052	341.7952941	No	2.66
Stw-0	L	three	0.089	0.011	4.387464387	0.482621083	22.79220779	0.603976667	2.914918727	4.13534	5.398	490.7272727	Yes	2.66
Tsu-0	H	one	0.934	0.095	5.41876892	5.147830474	18.45437616	0.175036667	9.010590868	6.11326	4.29076	45.16589474	Yes	15.54
Tsu-0	H	one	0.546	0.055	5.663930468	3.115161758	17.65558397	0.323846667	10.08834751	3.53925	4.80398	87.34509091	No	15.54
Tsu-0	H	one	0.537	0.053	5.446853517	2.886832364	18.3592233	0.492386667	14.21437765	3.41055	6.76875	127.7122642	Yes	15.54
Tsu-0	H	one	0.483	0.046	5.849056604	2.690566038	17.09677419	0.184886667	4.974497862	2.9601	2.36881	51.49586957	No	15.54
Tsu-0	H	one	0.42	0.044	5.361484325	2.359053103	18.65155131	0.301376667	7.109635607	2.8314	3.38554	76.94409091	No	15.54
Tsu-0	H	one	0.356	0.044	5.248618785	2.309392265	19.05263158	0.206656667	4.772513076	2.8314	2.27263	51.65068182	No	15.54
Tsu-0	H	two	1.04	0.097	5.996231748	5.816344795	16.67714061	0.50412	29.32135738	4.87928	10.8598	111.956701	No	19.88
Tsu-0	H	two	0.592	0.08	3.965957447	3.172765957	25.21459227	0.16987	5.389577532	4.02414	1.99614	24.95175	Yes	19.88
Tsu-0	H	two	0.403	0.065	4.224318658	2.745807128	23.67245658	0.05152	1.414639832	3.26962	0.523941	8.060630769	No	19.88
Tsu-0	H	two	0.496	0.063	4.885664028	3.077968338	20.4680468	0.1514	4.660044063	3.16901	1.72594	27.39587302	No	19.88
Tsu-0	H	two	0.521	0.047	5.334207077	2.507077326	18.74692875	0.3679	9.223537484	2.36419	3.41612	72.68340426	Yes	19.88
Tsu-0	H	two	0.351	0.039	5.19536903	2.026193922	19.24791086	0.33973	6.883588611	1.96177	2.54948	65.37128205	No	19.88
Tsu-0	H	three	0.477	0.053	5.361366623	2.84152431	18.65196078	0.291626667	8.286642628	3.98496	3.06913	57.90811321	Yes	13.3
Tsu-0	H	three	0.405	0.045	5.35021097	2.407594937	18.69085174	0.302345	7.279242911	3.38346	2.69602	59.91155556	No	13.3
Tsu-0	H	three	0.35	0.035	5.714285714	2	17.5	0.307495	6.1499	2.63158	2.27774	65.07828571	No	13.3
Tsu-0	H	three	0.34	0.033	5.531763026	1.825481799	18.07741935	0.306896667	5.602342791	2.4812	2.07494	62.8769697	Yes	13.3
Tsu-0	H	three	0.294	0.033	5.80674567	1.916226071	17.22135008	0.379275	7.267766431	2.4812	2.69177	81.56878788	No	13.3
Tsu-0	H	three	0.188	0.025	3.886838868	0.971709717	25.7278481	0.183105	1.779249077	1.8797	0.658981	26.35924	No	13.3
Tsu-0	L	one	0.379	0.042	4.311405584	1.810790345	23.19429199	0.239506667	4.336963597	13.5135	10.3261	245.8595238	No	3.108
Tsu-0	L	one	0.245	0.029	4.548156956	1.318965517	21.9869281	0.490016667	6.463150862	9.33076	15.3885	530.637931	Yes	3.108
Tsu-0	L	one	0.275	0.029	4.836295603	1.402525725	20.67698259	0.438686667	6.152693352	9.33076	14.6493	505.1482759	No	3.108
Tsu-0	L	one	0.247	0.029	3.723323171	1.07976372	26.85772774	0.543046667	5.863620887	9.33076	13.961	481.4137931	No	3.108
Tsu-0	L	one	0.186	0.019	4.482338611	0.851644336	22.30978261	0.343396667	2.924518262	6.11326	6.96314	366.4810526	Yes	3.108
Tsu-0	L	one	0.175	0.015	4.273635665	0.64104535	23.39928058	0.430406667	2.759101922	4.82625	6.56929	437.9526667	No	3.108
Tsu-0	L	two	0.319	0.037	4.774090364	1.766413435	20.94639866	0.48319	8.535133075	9.30584	15.8058	427.1837838	No	3.976
Tsu-0	L	two	0.269	0.028	4.640198511	1.299255583	21.55080214	0.65369	8.493103821	7.04225	15.728	561.7142857	Yes	3.976
Tsu-0	L	two	0.187	0.02	4.577294686	0.915458937	21.8469657	0.42668	3.906080193	5.03018	7.23348	361.674	Yes	3.976
Tsu-0	L	two	0.116	0.01	4.460154242	0.446015424	22.42074928	0.15944	0.711126992	2.51509	1.3169	131.69	No	3.976
Tsu-0	L	two	0.088	0.008	4.475939354	0.358075148	22.34167894	0.31769	1.137568939	2.01207	2.10661	263.32625	No	3.976
Tsu-0	L	three	0.245	0.026	5.390334572	1.401486989	18.55172414	0.870275	12.19679089	9.77444	22.5866	868.7153846	No	2.66
Tsu-0	L	three	0.167	0.021	4.701897019	0.987398374	21.26801153	0.525556667	5.189337981	7.89474	9.60989	457.6138095	Yes	2.66
Tsu-0	L	three	0.146	0.018	5	0.9	20	0.404625	3.641625	6.76692	6.74375	374.6527778	No	2.66
Tsu-0	L	three	0.125	0.018	2.621359223	0.47184466	38.14814815	0.347915	1.64161835	6.76692	3.04003	168.8905556	No	2.66
Tsu-0	L	three	0.172	0.017	4.787644788	0.813899614	20.88709677	0.649306667	5.284704453	6.39098	9.78649	575.6758824	Yes	2.66
Tsu-0	L	three	0.146	0.017	5.075593952	0.862850972	19.70212766	0.547515	4.724238499	6.39098	8.74859	514.6229412	No	2.66