Taxonomy	Sample1	Sample10	Sample11	Sample12	Sample13	Sample14	Sample15	Sample16	Sample17	Sample18	Sample19	Sample2	Sample20	Sample21	Sample22	Sample23	Sample24	Sample25	Sample26	Sample27	Sample28	Sample29	Sample3	Sample30	Sample31	Sample32	Sample33	Sample34	Sample4	Sample5	Sample6	Sample7	Sample8	Sample9	Tax_detail
Bacteroides	0.648132427843803	0	0.00503778337531486	0.012241054613936	0.0131979695431472	0.00516262261228704	0.00437876299945265	0	0.00234521575984991	0	0.643340234644582	0.521927820922796	0.559613059250302	0.469164353993216	0.460843819393042	0.00058399844267082	0.0249662618083671	0.00573300573300573	0	0.611415168100078	0.00309036658141517	0.00771177250271117	0.610578136834133	0.000504489960649783	0.00550357732526142	0.00130586186883343	0.000830288940551312	0.00128113879003559	0.581309599491418	0.00330788804071247	0.00220896841175171	0.00992317541613316	0.0205160087037613	0.694656488549618	k__Bacteria;p__Bacteroidetes;c__Bacteroidia;o__Bacteroidales;f__Bacteroidaceae;g__Bacteroides;
Pseudomonas	0	0.0206782464846981	0.0134340890008396	0.387947269303202	0.226395939086294	0	0	0	0	0	0	0	0	0	0	0	0.0296896086369771	0.127764127764128	0	0	0.0251491901108269	0.0874804193276298	0	0.00191706185046918	0	0	0	0	0	0.0137404580152672	0.0161254694057875	0.515685019206146	0.0447622008082064	0	k__Bacteria;p__Proteobacteria;c__Gammaproteobacteria;o__Pseudomonadales;f__Pseudomonadaceae;g__Pseudomonas;
Neisseria	0	0.0190239867659222	0.0184718723761545	0.0235404896421846	0.0223350253807107	0.00980898296334538	0.289545703338807	0.04266124936516	0.229362101313321	0.188849627012171	0	0	0	0	0	0.239634027642593	0.0317139001349528	0.0503685503685504	0.0543399855734552	0	0.0174765558397272	0.0403663091938788	0	0.0621531631520533	0.246560264171712	0.513493905977945	0.289106609099967	0.194590747330961	0.000635727908455181	0.0129770992366412	0.0236359620057433	0.00768245838668374	0.0155424308361828	0	k__Bacteria;p__Proteobacteria;c__Gammaproteobacteria;o__Betaproteobacteriales;f__Neisseriaceae;g__Neisseria;
Prevotella-7	0	0	0.00671704450041982	0.00941619585687382	0	0.0944759938048529	0.0645867542419267	0.371762315896394	0.074577861163227	0.162544169611307	0	0	0	0	0	0.0410745571345143	0	0	0.0444818465977398	0	0.00106564364876385	0.00228943246174238	0	0.0144284128745838	0.0429279031370391	0.0319210679048172	0.0330454998339422	0.181067615658363	0	0.00356234096692112	0.0207643030704661	0	0	0	k__Bacteria;p__Bacteroidetes;c__Bacteroidia;o__Bacteroidales;f__Prevotellaceae;g__Prevotella-7;
Haemophilus	0.000707413695529145	0.0124069478908189	0.0167926112510495	0.0536723163841808	0.033502538071066	0.283427981414559	0.247947454844007	0.129507364144236	0.167448405253283	0.152728700431881	0	0	0.00060459492140266	0	0	0.23535137239634	0.0398110661268556	0.0393120393120393	0.0286126472709786	0	0.0261082693947144	0.041089287866008	0	0.0682070426798507	0.303247110621904	0.137840975043529	0.214546662238459	0.103487544483986	0	0.0173027989821883	0.0265076209410205	0.015044814340589	0.0354367423064967	0.0054525627044711	k__Bacteria;p__Proteobacteria;c__Gammaproteobacteria;o__Pasteurellales;f__Pasteurellaceae;g__Haemophilus;
Acinetobacter	0	0.295285359801489	0.0134340890008396	0.0112994350282486	0.0152284263959391	0	0	0	0	0	0	0	0	0	0	0.00506131983648044	0	0	0.000961769656167348	0	0.00969735720375106	0.00759127605735631	0	0.00100897992129957	0	0	0	0	0	0.230534351145038	0.0176717472940137	0.0124839948783611	0.0167858253030774	0	k__Bacteria;p__Proteobacteria;c__Gammaproteobacteria;o__Pseudomonadales;f__Moraxellaceae;g__Acinetobacter;
Staphylococcus	0	0.0620347394540943	0.123425692695214	0.0612052730696798	0.0294416243654822	0	0	0	0	0	0	0	0	0.00138760407030527	0	0	0.236842105263158	0.13022113022113	0.0252464534743929	0	0.168158567774936	0.168574527051452	0	0.0495409141358087	0	0	0	0	0	0.0208651399491094	0.0508062734702894	0.0339308578745198	0.0152315822194591	0	k__Bacteria;p__Firmicutes;c__Bacilli;o__Bacillales;f__Staphylococcaceae;g__Staphylococcus;
Streptococcus	0.00424448217317487	0.0463192721257237	0.168765743073048	0.0753295668549906	0.0395939086294416	0.228187919463087	0.220032840722496	0.126968004062976	0.224671669793621	0.120926580290538	0	0.000571037003197807	0.00145102781136638	0.000308356460067838	0	0.128284991240023	0.155195681511471	0.231777231777232	0.161096417408031	0.00234558248631744	0.0609548167092924	0.20050608507049	0	0.214307335284028	0.112823335167859	0.0609402205455601	0.120724011956161	0.0980782918149466	0	0.0982188295165394	0.207422133863486	0.042573623559539	0.0500466272925085	0.00436205016357688	k__Bacteria;p__Firmicutes;c__Bacilli;o__Lactobacillales;f__Streptococcaceae;g__Streptococcus;
Corynebacterium-1	0	0.210090984284533	0.0856423173803526	0.0536723163841808	0.0467005076142132	0	0	0	0	0	0.000966183574879227	0	0	0	0	0.00525598598403738	0.0897435897435897	0.117526617526618	0.0343832652079827	0	0.101023017902813	0.0884443908904687	0	0.0711330844516194	0	0	0	0	0	0.191857506361323	0.0936602606582726	0.0278489116517286	0.0192726142368666	0	k__Bacteria;p__Actinobacteria;c__Actinobacteria;o__Corynebacteriales;f__Corynebacteriaceae;g__Corynebacterium-1;
Lawsonella	0	0.0694789081885856	0.203190596137699	0	0.00913705583756345	0	0	0	0	0	0	0	0	0	0	0	0.0128205128205128	0.0237510237510237	0.00264486655446021	0	0.0165174765558397	0.0240992890709724	0	0.00332963374028857	0	0	0	0	0	0.0333333333333333	0.191738458140049	0.00704225352112676	0.0105688529686043	0	k__Bacteria;p__Actinobacteria;c__Actinobacteria;o__Corynebacteriales;f__Corynebacteriaceae;g__Lawsonella;
Fusobacterium	0.000424448217317487	0.00578990901571547	0.0109151973131822	0.0131826741996234	0.0192893401015228	0.0908621579762519	0.0240831964969896	0.0543423057389538	0.0952157598499062	0.202198665096192	0	0	0	0	0	0.123029005255986	0.0195681511470985	0.00900900900900901	0.119018994950709	0	0.0354859335038363	0.00927822629232438	0	0.0393502169306831	0.093010456796918	0.0906848520023215	0.152607107273331	0.0912455516014235	0.00394151303242212	0.0188295165394402	0.0218687872763419	0.0115236875800256	0.0195834628535903	0	k__Bacteria;p__Fusobacteria;c__Fusobacteriia;o__Fusobacteriales;f__Fusobacteriaceae;g__Fusobacterium;
Frederiksenia	0	0	0	0	0.0700507614213198	0	0	0	0	0	0	0	0	0	0	0	0	0.00327600327600328	0	0	0.00650042625745951	0.00301241113387155	0	0	0	0	0	0	0	0.00687022900763359	0	0.0128040973111396	0.154180913894933	0	k__Bacteria;p__Proteobacteria;c__Gammaproteobacteria;o__Pasteurellales;f__Pasteurellaceae;g__Frederiksenia;
Faecalibacterium	0.0183927560837578	0	0.00419815281276238	0.0131826741996234	0	0	0	0	0	0	0.0970324361628709	0.079945180447693	0.0528415961305925	0.028677150786309	0.0827535159141377	0	0.0121457489878543	0.0040950040950041	0	0.143862392494136	0	0.0060248222677431	0.114365059328452	0	0	0	0	0	0.116211061665607	0	0.0015462778882262	0.00608194622279129	0.00373018340068387	0.0141766630316249	k__Bacteria;p__Firmicutes;c__Clostridia;o__Clostridiales;f__Ruminococcaceae;g__Faecalibacterium;
Veillonella	0	0.00661703887510339	0.0159529806884971	0.00659133709981168	0	0.0748580278781621	0.0552818828680898	0.142204164550533	0.0680112570356473	0.0577149587750294	0	0	0.000846432889963724	0	0	0.0578158458244111	0	0.0085995085995086	0.0269295503726857	0	0.00255754475703325	0.0102421978551633	0	0.0250227020482292	0.0539350577875619	0.0473012188044109	0.0453337761541016	0.0725978647686833	0	0.00966921119592875	0.0183344378175392	0	0.00528442648430214	0	k__Bacteria;p__Firmicutes;c__Negativicutes;o__Selenomonadales;f__Veillonellaceae;g__Veillonella;
Rothia	0	0.00744416873449132	0.0184718723761545	0.00470809792843691	0	0.0918946824987093	0.0383141762452107	0.0228542407313357	0.0384615384615385	0.0121711817824892	0	0	0	0	0	0.0346505742651353	0.00809716599190283	0.00900900900900901	0.00937725414763164	0	0.0051150895140665	0.00976021207374382	0	0.00847543133891636	0.0583379196477711	0.0156703424260012	0.0371969445366988	0.00540925266903915	0	0.00356234096692112	0.0123702231058096	0.0057618437900128	0.00217594031706559	0	k__Bacteria;p__Actinobacteria;c__Actinobacteria;o__Micrococcales;f__Micrococcaceae;g__Rothia;
[Eubacterium]-eligens-group	0	0	0	0	0	0	0	0	0	0	0	0.0556190041114664	0.0259975816203144	0.00832562442183164	0.027239082161362	0	0.00269905533063428	0	0	0	0	0	0.0419086089371371	0	0	0	0	0	0.0845518118245391	0	0	0	0	0	k__Bacteria;p__Firmicutes;c__Clostridia;o__Clostridiales;f__Lachnospiraceae;g__[Eubacterium]-eligens-group;
Akkermansia	0.0823429541595925	0	0	0	0	0	0	0	0	0	0	0.00365463682046597	0.000362756952841596	0.000925069380203515	0	0	0	0	0	0	0	0	0.00113607674829588	0	0	0	0	0	0.0256834075015893	0	0	0	0	0.0250817884405671	k__Bacteria;p__Verrucomicrobia;c__Verrucomicrobiae;o__Verrucomicrobiales;f__Akkermansiaceae;g__Akkermansia;
Alloprevotella	0	0.00496277915632754	0.00587741393786734	0.0564971751412429	0.00913705583756345	0.00154878678368611	0	0.0218384966988319	0.00515947467166979	0.00157047506870828	0	0	0	0	0	0.00272532606579716	0.00472334682860999	0.00982800982800983	0.0283722048569368	0	0.00255754475703325	0.0108446800819376	0	0.0192715164968217	0	0.00217643644805572	0.00714048488874128	0.0812811387900356	0	0.00407124681933842	0.023194168323393	0.00928297055057618	0.0124339446689462	0	k__Bacteria;p__Bacteroidetes;c__Bacteroidia;o__Bacteroidales;f__Prevotellaceae;g__Alloprevotella;
Prevotella	0	0.0033085194375517	0.00671704450041982	0.00282485875706215	0	0.0351058337635519	0.00383141762452107	0.00609446419502285	0.00609756097560976	0.0235571260306243	0.00786749482401656	0	0	0	0	0.0140159626240997	0	0	0.0581870641981245	0.00390930414386239	0.00639386189258312	0.00325340402458128	0	0.0184643325597821	0.0165107319757843	0.00885084155542658	0.0114579873796081	0.0802846975088968	0.010425937698665	0	0.00817318312348133	0	0	0	k__Bacteria;p__Bacteroidetes;c__Bacteroidia;o__Bacteroidales;f__Prevotellaceae;g__Prevotella;
Psychrobacter	0	0	0	0	0.0791878172588832	0	0	0	0	0	0	0	0	0	0	0	0	0	0	0	0.0036231884057971	0	0	0	0	0	0	0	0	0	0.00485973050585377	0	0.0422754118744172	0	k__Bacteria;p__Proteobacteria;c__Gammaproteobacteria;o__Pseudomonadales;f__Moraxellaceae;g__Psychrobacter;
Phascolarctobacterium	0.0758347481607244	0	0	0	0	0	0	0	0	0	0.0335403726708075	0.0550479671082686	0.0172914147521161	0.0146469318532223	0.0127313101406366	0	0.00337381916329285	0.00122850122850123	0	0.0273651290070367	0.000639386189258312	0	0.01931330472103	0	0	0	0	0	0.0186904005085823	0	0	0	0	0.0730643402399128	k__Bacteria;p__Firmicutes;c__Negativicutes;o__Selenomonadales;f__Acidaminococcaceae;g__Phascolarctobacterium;
Parabacteroides	0	0	0	0	0	0	0	0	0	0	0.0157349896480331	0	0.0261185006045949	0.0755473327166204	0.028719467061436	0	0	0	0	0.0172009382329945	0	0	0	0	0	0	0	0	0	0	0	0	0	0	k__Bacteria;p__Bacteroidetes;c__Bacteroidia;o__Bacteroidales;f__Tannerellaceae;g__Parabacteroides;
Lachnospira	0.0172608941709111	0	0	0	0	0	0	0	0	0	0.00179434092477571	0.0206715395157606	0.00931076178960097	0.0390070921985816	0.0692820133234641	0	0	0	0	0	0	0	0.0148952284776572	0	0	0	0	0	0	0	0	0	0	0.0229007633587786	k__Bacteria;p__Firmicutes;c__Clostridia;o__Clostridiales;f__Lachnospiraceae;g__Lachnospira;
Peptoniphilus	0	0.0206782464846981	0.0201511335012594	0.00753295668549906	0	0	0	0	0	0	0.00138026224982747	0	0	0	0	0.000778664590227759	0.0499325236167341	0.024979524979525	0.00817504207742246	0	0.055306905370844	0.0100012049644535	0	0.00807183937039653	0	0	0	0	0	0.0267175572519084	0.010382151535233	0.00992317541613316	0.00404103201740752	0	k__Bacteria;p__Firmicutes;c__Clostridia;o__Clostridiales;f__Family-XI;g__Peptoniphilus;
Flectobacillus	0	0	0	0	0	0	0	0	0	0	0	0	0	0	0	0	0	0	0.00240442414041837	0	0	0	0	0.0550903037029563	0	0	0	0	0	0	0	0	0.00248678893378924	0	k__Bacteria;p__Bacteroidetes;c__Bacteroidia;o__Cytophagales;f__Spirosomaceae;g__Flectobacillus;
Pedobacter	0	0.00165425971877585	0	0.0263653483992467	0	0	0	0	0	0	0	0	0	0	0	0	0	0.00696150696150696	0	0	0.00372975277067349	0.0044583684781299	0	0	0	0	0	0	0	0	0.0015462778882262	0.0547375160051216	0.00777121541809139	0	k__Bacteria;p__Bacteroidetes;c__Bacteroidia;o__Sphingobacteriales;f__Sphingobacteriaceae;g__Pedobacter;
Alistipes	0	0	0	0	0	0	0	0	0	0	0.0173913043478261	0.000685244403837369	0.041596130592503	0.0531914893617021	0.0328645447816432	0	0	0	0	0.0242376856919468	0	0	0.000631153749053269	0	0	0	0	0	0.000508582326764145	0	0	0	0	0	k__Bacteria;p__Bacteroidetes;c__Bacteroidia;o__Bacteroidales;f__Rikenellaceae;g__Alistipes;
Anaerococcus	0	0.0388751033912324	0.0486985726280437	0.0131826741996234	0.0101522842639594	0	0	0	0	0	0	0	0	0	0	0.00136266303289858	0.0350877192982456	0.0475020475020475	0.0120221207020918	0	0.0451832907075874	0.0367514158332329	0	0.0135203309454142	0	0	0	0	0	0.0353689567430025	0.0379942566821294	0.0134443021766965	0.00932545850170967	0	k__Bacteria;p__Firmicutes;c__Clostridia;o__Clostridiales;f__Family-XI;g__Anaerococcus;
Oceanivirga	0	0.00744416873449132	0.00419815281276238	0.00847457627118644	0.0152284263959391	0	0	0	0	0	0	0	0	0	0	0	0.0168690958164642	0.00368550368550369	0	0	0.0457161125319693	0.00168695023496807	0	0.000403591968519826	0	0	0	0	0	0.0300254452926209	0.0110448420587586	0.0179257362355954	0.0155424308361828	0	k__Bacteria;p__Fusobacteria;c__Fusobacteriia;o__Fusobacteriales;f__Leptotrichiaceae;g__Oceanivirga;
Lactococcus	0	0	0.0285474391267842	0	0.00710659898477157	0	0	0	0	0	0	0	0	0	0	0	0.0452091767881242	0.0110565110565111	0	0	0.0244032395566922	0.0119291480901313	0	0.00030269397638987	0	0	0	0	0	0.00254452926208651	0.0296001767174729	0	0.00683866956792042	0	k__Bacteria;p__Firmicutes;c__Bacilli;o__Lactobacillales;f__Streptococcaceae;g__Lactococcus;
Escherichia-Shigella	0.0346632710809281	0	0	0	0	0	0	0	0	0	0.0082815734989648	0	0.000725513905683192	0	0.00074019245003701	0	0	0	0	0.00469116497263487	0	0	0.0239838424640242	0	0	0	0	0	0.00483153210425938	0	0	0	0.00994715573515698	0.044711014176663	k__Bacteria;p__Proteobacteria;c__Gammaproteobacteria;o__Enterobacteriales;f__Enterobacteriaceae;g__Escherichia-Shigella;
Moraxella	0	0	0	0.00659133709981168	0.0446700507614213	0	0	0	0	0	0	0	0	0	0	0	0	0	0	0	0.00341005967604433	0.00397638269671045	0	0	0	0	0	0	0	0.00279898218829517	0	0.0102432778489117	0.0394777743239043	0	k__Bacteria;p__Proteobacteria;c__Gammaproteobacteria;o__Pseudomonadales;f__Moraxellaceae;g__Moraxella;
Finegoldia	0	0.0140612076095947	0.0134340890008396	0	0	0	0	0	0	0	0.00151828847481021	0	0	0	0	0.00214132762312634	0.0290148448043185	0.018018018018018	0.0105794662178408	0	0.0429454390451833	0.0121701409808411	0	0.00998890122086571	0	0	0	0	0	0.0183206106870229	0.00574331787055445	0.00448143405889885	0.00497357786757849	0	k__Bacteria;p__Firmicutes;c__Clostridia;o__Clostridiales;f__Family-XI;g__Finegoldia;
Lautropia	0	0	0	0	0.00609137055837563	0	0	0	0.00281425891181989	0	0	0	0	0	0	0	0	0.00655200655200655	0.041356095215196	0	0.00191815856777494	0.00518134715025907	0	0.0190697205125618	0	0.00319210679048172	0.000830288940551312	0.000427046263345196	0	0.00356234096692112	0	0	0.0118122474354989	0	k__Bacteria;p__Proteobacteria;c__Gammaproteobacteria;o__Betaproteobacteriales;f__Burkholderiaceae;g__Lautropia;
Prevotellaceae-Ga6A1-group	0.0166949632144878	0	0	0	0.00304568527918782	0	0	0	0	0	0	0.0341480127912289	0	0	0	0	0	0	0	0	0.00106564364876385	0	0.00971976773542035	0	0	0	0	0	0.00483153210425938	0	0	0	0.00124339446689462	0.0185387131952017	k__Bacteria;p__Bacteroidetes;c__Bacteroidia;o__Bacteroidales;f__Prevotellaceae;g__Prevotellaceae-Ga6A1-group;
Blautia	0.0100452744765139	0	0	0.012241054613936	0	0	0	0	0	0	0.0104899930986888	0.0331201461854728	0.00870616686819831	0.00493370336108541	0.00458919319022946	0	0	0	0	0.017982799061767	0.00223785166240409	0.00313290757922641	0.0183034587225448	0	0	0	0	0	0.0191989828353465	0.00203562340966921	0	0	0	0	k__Bacteria;p__Firmicutes;c__Clostridia;o__Clostridiales;f__Lachnospiraceae;g__Blautia;
Corynebacterium	0	0	0	0	0	0	0	0	0.00187617260787992	0	0	0	0	0	0	0.00155732918045552	0.00202429149797571	0	0.0319788410675643	0	0.000745950554134697	0.0025304253524521	0	0.0141257188981939	0	0	0	0	0	0	0.00242986525292688	0	0	0	k__Bacteria;p__Actinobacteria;c__Actinobacteria;o__Corynebacteriales;f__Corynebacteriaceae;g__Corynebacterium;
Chryseobacterium	0	0	0	0	0.0314720812182741	0	0	0	0	0	0	0	0	0	0	0	0.0107962213225371	0	0	0	0.0028772378516624	0	0	0	0	0	0	0	0	0	0	0.00448143405889885	0.0183400683866957	0	k__Bacteria;p__Bacteroidetes;c__Bacteroidia;o__Flavobacteriales;f__Weeksellaceae;g__Chryseobacterium;
Roseburia	0.00650820599886814	0	0	0	0	0	0	0	0	0	0.0179434092477571	0.00274097761534947	0.0238210399032648	0.0135676842429849	0.0313841598815692	0	0	0	0	0.0242376856919468	0	0	0.0188083817217874	0	0	0	0	0	0	0	0	0	0	0	k__Bacteria;p__Firmicutes;c__Clostridia;o__Clostridiales;f__Lachnospiraceae;g__Roseburia;
Granulicatella	0	0	0.00503778337531486	0	0	0.0304594734124935	0.0147783251231527	0.0116810563737938	0.0168855534709193	0.0113859442481351	0	0	0	0	0	0.0103173058205178	0	0	0.00264486655446021	0	0.00458226768968457	0.00542234004096879	0	0.00454040964584805	0.0225646670335718	0.00507835171213001	0.0219196280305546	0.00398576512455516	0	0.00254452926208651	0.0046388336646786	0	0	0	k__Bacteria;p__Firmicutes;c__Bacilli;o__Lactobacillales;f__Carnobacteriaceae;g__Granulicatella;
Conchiformibius	0	0	0	0	0.0131979695431472	0	0	0	0	0	0	0	0	0	0	0	0	0	0	0	0.00682011935208866	0	0	0	0	0	0	0	0	0	0	0.00768245838668374	0.0301523158221946	0	k__Bacteria;p__Proteobacteria;c__Gammaproteobacteria;o__Betaproteobacteriales;f__Neisseriaceae;g__Conchiformibius;
Lachnospiraceae-NK4A136-group	0.00466893039049236	0	0	0	0	0	0	0	0	0	0	0.0228414801279123	0.00592503022974607	0.00292938637064447	0.0290155440414508	0	0	0	0	0	0	0	0.00201969199697046	0	0	0	0	0	0.0045772409408773	0	0	0	0	0.0163576881134133	k__Bacteria;p__Firmicutes;c__Clostridia;o__Clostridiales;f__Lachnospiraceae;g__Lachnospiraceae-NK4A136-group;
Leptotrichia	0	0.00165425971877585	0	0	0.00203045685279188	0.00413009808982963	0.00273672687465791	0.00406297613001524	0.0075046904315197	0.00981546917942678	0	0	0	0	0	0.00759197975472065	0	0	0.0281317624428949	0	0	0.00240992890709724	0	0.0108969831500353	0.00385250412768299	0.00754497968659315	0.0121222185320492	0.0120996441281139	0	0.00127226463104326	0.00397614314115308	0	0	0	k__Bacteria;p__Fusobacteria;c__Fusobacteriia;o__Fusobacteriales;f__Leptotrichiaceae;g__Leptotrichia;
Xanthomonas	0	0	0	0	0.0274111675126904	0	0	0	0	0	0	0	0	0	0	0	0	0	0	0	0	0	0	0	0	0	0	0	0	0	0	0	0.0208268573204849	0	k__Bacteria;p__Proteobacteria;c__Gammaproteobacteria;o__Xanthomonadales;f__Xanthomonadaceae;g__Xanthomonas;
Lactobacillus	0	0	0.0209907640638119	0	0.00609137055837563	0	0	0	0	0	0	0	0	0	0	0	0.0067476383265857	0.0188370188370188	0	0	0.013000852514919	0.0272321966501988	0	0.000504489960649783	0	0	0	0	0	0.00356234096692112	0.0185553346587144	0.00704225352112676	0.00621697233447311	0	k__Bacteria;p__Firmicutes;c__Bacilli;o__Lactobacillales;f__Lactobacillaceae;g__Lactobacillus;
Janthinobacterium	0	0	0	0	0.0263959390862944	0	0	0	0	0	0	0	0	0	0	0	0.0182186234817814	0	0	0	0.0103367433930094	0.00180744668032293	0	0	0	0	0	0	0	0	0	0	0.00963630711843332	0	k__Bacteria;p__Proteobacteria;c__Gammaproteobacteria;o__Betaproteobacteriales;f__Burkholderiaceae;g__Janthinobacterium;
Dolosigranulum	0	0	0	0	0	0	0	0	0	0	0	0	0	0	0	0	0.00202429149797571	0.0253890253890254	0	0	0.00191815856777494	0.00542234004096879	0	0	0	0	0	0	0	0	0	0	0	0	k__Bacteria;p__Firmicutes;c__Bacilli;o__Lactobacillales;f__Carnobacteriaceae;g__Dolosigranulum;
Enhydrobacter	0	0.0239867659222498	0.00671704450041982	0	0	0	0	0	0	0	0	0	0	0	0	0.000778664590227759	0	0	0.00120221207020918	0	0	0.00204843957103265	0	0	0	0	0	0	0	0.0190839694656489	0.00375524629997791	0	0	0	k__Bacteria;p__Proteobacteria;c__Gammaproteobacteria;o__Pseudomonadales;f__Moraxellaceae;g__Enhydrobacter;
Subdoligranulum	0	0	0	0	0	0	0	0	0	0	0.00924775707384403	0	0.0235792019347037	0.0203515263644773	0.0127313101406366	0	0	0	0	0.0109460516028147	0	0	0	0	0	0	0	0	0	0	0	0	0	0	k__Bacteria;p__Firmicutes;c__Clostridia;o__Clostridiales;f__Ruminococcaceae;g__Subdoligranulum;
Flavobacterium	0	0	0	0.00659133709981168	0.0152284263959391	0	0	0	0	0	0	0	0	0	0	0	0.00472334682860999	0.0040950040950041	0	0	0.00500852514919011	0.00192794312567779	0	0	0	0	0	0	0	0	0	0.0233674775928297	0.018029219769972	0	k__Bacteria;p__Bacteroidetes;c__Bacteroidia;o__Flavobacteriales;f__Flavobacteriaceae;g__Flavobacterium;
Enterococcus	0	0	0	0	0.0223350253807107	0	0	0	0	0	0	0	0	0	0	0	0	0	0	0	0	0	0	0	0	0	0	0	0	0	0	0	0.00963630711843332	0	k__Bacteria;p__Firmicutes;c__Bacilli;o__Lactobacillales;f__Enterococcaceae;g__Enterococcus;
Simplicispira	0	0	0	0	0	0	0	0	0	0	0	0	0	0	0	0	0	0	0	0	0	0	0	0	0	0	0	0	0	0	0	0	0.0211377059372086	0	k__Bacteria;p__Proteobacteria;c__Gammaproteobacteria;o__Betaproteobacteriales;f__Burkholderiaceae;g__Simplicispira;
Cutibacterium	0	0.00578990901571547	0.00923593618807725	0.00188323917137476	0	0	0	0	0	0	0	0	0	0	0	0	0.0209176788124157	0.00737100737100737	0.00841548449146429	0	0.0112958226768968	0.010483190745873	0	0.00252244980324892	0	0	0	0	0	0.00178117048346056	0.00684780207643031	0.000960307298335467	0.00217594031706559	0	k__Bacteria;p__Actinobacteria;c__Actinobacteria;o__Propionibacteriales;f__Propionibacteriaceae;g__Cutibacterium;
Ruminococcus-1	0	0	0	0	0	0	0	0	0	0	0	0.0206715395157606	0.00435308343409915	0.00308356460067838	0.00503330866025167	0	0.00337381916329285	0	0	0	0	0	0	0	0	0	0	0	0.00216147488874762	0.000508905852417303	0	0	0	0	k__Bacteria;p__Firmicutes;c__Clostridia;o__Clostridiales;f__Ruminococcaceae;g__Ruminococcus-1;
Anaerostipes	0.00424448217317487	0	0	0	0	0	0	0	0	0	0.00193236714975845	0.0201005025125628	0.00241837968561064	0.00246685168054271	0	0	0	0	0	0	0	0	0.00795253723807119	0	0	0	0	0	0.00915448188175461	0	0	0	0	0.00872410032715376	k__Bacteria;p__Firmicutes;c__Clostridia;o__Clostridiales;f__Lachnospiraceae;g__Anaerostipes;
Desulfovibrio	0.00947934352009055	0	0	0	0	0	0	0	0	0	0.00552104899930987	0.00399725902238465	0.00253929866989117	0.00416281221091582	0.00355292376017765	0	0	0	0	0.00703674745895231	0	0	0.00366069174450896	0	0	0	0	0	0.0100445009535919	0	0	0	0	0.019629225736096	k__Bacteria;p__Proteobacteria;c__Deltaproteobacteria;o__Desulfovibrionales;f__Desulfovibrionaceae;g__Desulfovibrio;
Brevundimonas	0	0	0.00503778337531486	0	0	0	0	0	0	0	0	0	0	0	0	0	0	0	0	0	0.0192881500426257	0.00325340402458128	0	0	0	0	0	0	0	0.00788804071246819	0.00419703998232825	0.0028809218950064	0.00714951818464408	0	k__Bacteria;p__Proteobacteria;c__Alphaproteobacteria;o__Caulobacterales;f__Caulobacteraceae;g__Brevundimonas;
Porphyromonas	0	0	0.00419815281276238	0	0.0152284263959391	0	0.00218938149972633	0	0	0.00196309383588536	0.000966183574879227	0	0	0	0	0.00525598598403738	0.00269905533063428	0.0040950040950041	0.00673238759317143	0	0.00905797101449275	0.00337390046993614	0	0.00655836948844718	0.00825536598789213	0.00478816018572258	0.0053138492195284	0.00512455516014235	0.00241576605212969	0.00152671755725191	0.00198807157057654	0.00832266325224072	0.0192726142368666	0	k__Bacteria;p__Bacteroidetes;c__Bacteroidia;o__Bacteroidales;f__Porphyromonadaceae;g__Porphyromonas;
Capnocytophaga	0	0	0	0.00282485875706215	0	0	0	0	0.00140712945590994	0	0	0	0	0	0	0.00175199532801246	0	0	0.019235393123347	0	0	0.00494035425954934	0	0.00867722732317627	0	0	0.00066423115244105	0.00142348754448399	0	0	0.00287165893527723	0.00128040973111396	0.00683866956792042	0	k__Bacteria;p__Bacteroidetes;c__Bacteroidia;o__Flavobacteriales;f__Flavobacteriaceae;g__Capnocytophaga;
Ruminococcus-2	0	0	0	0	0	0	0	0	0	0	0	0	0.00423216444981862	0.0188097440641381	0.0186528497409326	0	0	0	0	0	0	0	0	0	0	0	0	0	0	0	0	0	0	0	k__Bacteria;p__Firmicutes;c__Clostridia;o__Clostridiales;f__Ruminococcaceae;g__Ruminococcus-2;
Actinomyces	0	0	0	0	0	0.0149716055756324	0	0.0187912646013205	0.00984990619136961	0.00510404397330192	0	0	0	0	0	0.00525598598403738	0	0	0.00168309689829286	0	0.00106564364876385	0.00156645378961321	0	0.0030269397638987	0	0.0133488102147417	0.00564596479574892	0.00199288256227758	0	0	0	0	0	0	k__Bacteria;p__Actinobacteria;c__Actinobacteria;o__Actinomycetales;f__Actinomycetaceae;g__Actinomyces;
Prevotella-6	0	0	0	0	0	0	0	0	0	0.00314095013741657	0	0	0	0	0	0	0	0	0	0	0	0	0	0	0	0.00319210679048172	0.00182663566921289	0.0180782918149466	0.000381436745073109	0	0	0	0	0	k__Bacteria;p__Bacteroidetes;c__Bacteroidia;o__Bacteroidales;f__Prevotellaceae;g__Prevotella-6;
Gemella	0	0	0.0142737195633921	0	0	0.0149716055756324	0.0114942528735632	0.00812595226003047	0.00656660412757974	0.0180604632901453	0	0	0	0	0	0.0101226396729609	0	0.0122850122850123	0.00360663621062755	0	0.0043691389599318	0.0137365947704543	0	0.0131167389768944	0.0104567969179967	0.002031340684852	0.00597808037196945	0.00142348754448399	0	0.00356234096692112	0.0108239452175834	0	0.00497357786757849	0	k__Bacteria;p__Firmicutes;c__Bacilli;o__Bacillales;f__Family-XI;g__Gemella;
Campylobacter	0	0	0	0	0	0.00516262261228704	0.00437876299945265	0.01066531234129	0.0178236397748593	0.00706713780918728	0	0	0	0	0	0.00661864901693596	0.00337381916329285	0.00327600327600328	0.0163500841548449	0	0.00245098039215686	0.00108446800819376	0	0.00343053173241852	0.00385250412768299	0.0105919907138712	0.00514779143141813	0.0152313167259786	0	0.00101781170483461	0.000883587364700685	0	0.00186509170034193	0	k__Bacteria;p__Epsilonbacteraeota;c__Campylobacteria;o__Campylobacterales;f__Campylobacteraceae;g__Campylobacter;
Sphingomonas	0	0	0.00587741393786734	0.00941619585687382	0	0	0	0	0	0	0	0	0	0	0	0	0.0134952766531714	0.00286650286650287	0	0	0.0156649616368286	0.00409687914206531	0	0	0	0	0	0	0	0.00636132315521628	0.00618511155290479	0.00640204865556978	0.0177183711532484	0	k__Bacteria;p__Proteobacteria;c__Alphaproteobacteria;o__Sphingomonadales;f__Sphingomonadaceae;g__Sphingomonas;
Lachnoclostridium	0.0132993774759479	0	0	0	0	0	0	0	0	0	0.00759144237405107	0.00216994061215167	0.00592503022974607	0.0080172679617638	0.00532938564026647	0	0	0	0	0	0	0.00289191468851669	0.0082049987376925	0	0	0	0	0	0.00394151303242212	0	0	0	0	0.0174482006543075	k__Bacteria;p__Firmicutes;c__Clostridia;o__Clostridiales;f__Lachnospiraceae;g__Lachnoclostridium;
Lachnospiraceae-UCG-004	0	0	0	0	0	0	0	0	0	0	0.00662525879917184	0.00730927364093193	0	0.00493370336108541	0.0078460399703923	0	0	0	0	0.0172009382329945	0	0	0.00378692249431962	0	0	0	0	0	0.00330578512396694	0	0	0	0	0	k__Bacteria;p__Firmicutes;c__Clostridia;o__Clostridiales;f__Lachnospiraceae;g__Lachnospiraceae-UCG-004;
Ruminococcaceae-UCG-002	0	0	0	0	0	0	0	0	0	0	0.0122843340234645	0	0.00411124546553809	0.00955905026210299	0.0102146558105107	0	0	0	0	0.0172009382329945	0	0	0	0	0	0	0	0	0	0.00254452926208651	0	0	0	0	k__Bacteria;p__Firmicutes;c__Clostridia;o__Clostridiales;f__Ruminococcaceae;g__Ruminococcaceae-UCG-002;
Oribacterium	0	0	0	0	0	0.0113577697470315	0.00547345374931582	0.00761808024377857	0.0117260787992495	0.00706713780918728	0	0	0	0	0	0.0118746350009733	0	0	0.00601106035104592	0	0	0	0	0.00353142972454848	0.00935608145294441	0.0171213000580383	0.010129525074726	0.00427046263345196	0	0	0	0	0	0	k__Bacteria;p__Firmicutes;c__Clostridia;o__Clostridiales;f__Lachnospiraceae;g__Oribacterium;
Megamonas	0	0	0	0.0169491525423729	0	0	0	0	0	0	0	0	0	0	0	0	0	0.0045045045045045	0	0	0.000959079283887468	0.00939872273767924	0	0	0	0	0	0	0	0	0	0.00608194622279129	0.00373018340068387	0	k__Bacteria;p__Firmicutes;c__Negativicutes;o__Selenomonadales;f__Veillonellaceae;g__Megamonas;
Duganella	0	0	0	0	0.016243654822335	0	0	0	0	0	0	0	0	0	0	0	0	0	0	0	0	0	0	0	0	0	0	0	0	0	0	0	0	0	k__Bacteria;p__Proteobacteria;c__Gammaproteobacteria;o__Betaproteobacteriales;f__Burkholderiaceae;g__Duganella;
Allorhizobium-Neorhizobium-Pararhizobium-Rhizobium	0	0	0	0.0160075329566855	0	0	0	0	0	0	0	0	0	0	0	0	0	0	0	0	0.00447570332480818	0	0	0	0	0	0	0	0	0	0	0	0	0	k__Bacteria;p__Proteobacteria;c__Alphaproteobacteria;o__Rhizobiales;f__Rhizobiaceae;g__Allorhizobium-Neorhizobium-Pararhizobium-Rhizobium;
Pantoea	0	0.00413564929693962	0.0159529806884971	0	0	0	0	0	0	0	0	0	0	0	0	0	0	0	0	0	0.00479539641943734	0	0	0	0	0	0	0	0	0	0.00839407996465651	0.00640204865556978	0	0	k__Bacteria;p__Proteobacteria;c__Gammaproteobacteria;o__Enterobacteriales;f__Enterobacteriaceae;g__Pantoea;
Bergeyella	0	0	0	0	0	0.00258131130614352	0	0	0	0	0	0	0	0	0	0.00233599377068328	0	0	0.00577061793700409	0	0.00298380221653879	0.00494035425954934	0	0.00353142972454848	0	0.00116076610562972	0.000996346728661574	0.00185053380782918	0	0.00279898218829517	0.00265076209410205	0.00192061459667093	0.0146098849860118	0	k__Bacteria;p__Bacteroidetes;c__Bacteroidia;o__Flavobacteriales;f__Weeksellaceae;g__Bergeyella;
Ruminiclostridium-6	0	0	0	0	0	0	0	0	0	0	0.00151828847481021	0	0.000967351874244256	0.00308356460067838	0.0145077720207254	0	0	0	0	0	0	0	0	0	0	0	0	0	0	0	0	0	0	0	k__Bacteria;p__Firmicutes;c__Clostridia;o__Clostridiales;f__Ruminococcaceae;g__Ruminiclostridium-6;
Parvimonas	0	0	0	0	0	0.00103252452245741	0	0	0.000938086303939962	0.00510404397330192	0	0	0	0	0	0	0.00472334682860999	0.00204750204750205	0.0139456600144265	0	0.00394288150042626	0.00120496445354862	0	0.00565028755927757	0	0.000290191526407429	0.00066423115244105	0.00099644128113879	0	0.00305343511450382	0.00198807157057654	0.000960307298335467	0.00248678893378924	0	k__Bacteria;p__Firmicutes;c__Clostridia;o__Clostridiales;f__Family-XI;g__Parvimonas;
Aggregatibacter	0	0	0	0	0	0	0.00711548987411056	0	0	0	0	0	0	0	0	0	0	0	0.013224332772301	0	0	0	0	0.00524669559075774	0	0	0	0	0	0	0	0	0	0	k__Bacteria;p__Proteobacteria;c__Gammaproteobacteria;o__Pasteurellales;f__Pasteurellaceae;g__Aggregatibacter;
Pseudochrobactrum	0	0	0	0	0.0131979695431472	0	0	0	0	0	0	0	0	0	0	0	0	0	0	0	0	0	0	0	0	0	0	0	0	0	0	0	0.00652782095119677	0	k__Bacteria;p__Proteobacteria;c__Alphaproteobacteria;o__Rhizobiales;f__Rhizobiaceae;g__Pseudochrobactrum;
Ruminococcaceae-NK4A214-group	0	0	0	0	0	0	0	0	0	0	0	0	0.013180169286578	0.000462534690101758	0	0	0	0	0	0	0.000532821824381927	0	0	0	0	0	0	0	0	0	0	0	0	0	k__Bacteria;p__Firmicutes;c__Clostridia;o__Clostridiales;f__Ruminococcaceae;g__Ruminococcaceae-NK4A214-group;
Bacillus	0	0	0	0	0	0	0	0	0	0	0	0	0	0	0	0	0	0	0	0	0	0.00469936136883962	0	0	0	0	0	0	0	0	0	0	0.0130556419023935	0	k__Bacteria;p__Firmicutes;c__Bacilli;o__Bacillales;f__Bacillaceae;g__Bacillus;
Selenomonas	0	0	0	0	0	0	0	0	0	0	0	0	0	0	0	0	0	0	0.0129838903582592	0	0	0	0	0.00282514377963879	0	0	0	0	0	0	0	0	0	0	k__Bacteria;p__Firmicutes;c__Negativicutes;o__Selenomonadales;f__Veillonellaceae;g__Selenomonas;
Treponema-2	0	0	0	0	0	0	0	0	0	0	0	0	0	0	0	0	0	0	0.0127434479442174	0	0.000319693094629156	0	0	0.002320653818989	0	0	0	0	0	0	0	0	0	0	k__Bacteria;p__Spirochaetes;c__Spirochaetia;o__Spirochaetales;f__Spirochaetaceae;g__Treponema-2;
Ruminiclostridium-9	0.00523486134691568	0	0	0	0	0	0	0	0	0	0.0082815734989648	0.00662402923709456	0.00326481257557437	0.00570459451125501	0.00606957809030348	0	0	0	0	0.0125097732603597	0	0	0.00580661449129008	0	0	0	0	0	0.00190718372536554	0	0	0	0	0	k__Bacteria;p__Firmicutes;c__Clostridia;o__Clostridiales;f__Ruminococcaceae;g__Ruminiclostridium-9;
Lachnoanaerobaculum	0	0	0	0	0	0	0	0.00253936008125952	0	0	0	0	0	0	0	0.00700798131204983	0	0	0.00769415724933878	0	0	0	0	0.00272424578750883	0.0066042927903137	0.00710969239698201	0.00846894719362338	0.0113879003558719	0	0	0.00220896841175171	0	0	0	k__Bacteria;p__Firmicutes;c__Clostridia;o__Clostridiales;f__Lachnospiraceae;g__Lachnoanaerobaculum;
Vibrio	0	0	0	0.0112994350282486	0	0	0	0	0	0	0	0	0	0	0	0	0	0	0	0	0	0	0	0	0	0	0	0	0	0	0	0.00224071702944942	0	0	k__Bacteria;p__Proteobacteria;c__Gammaproteobacteria;o__Vibrionales;f__Vibrionaceae;g__Vibrio;
Fusicatenibacter	0.000990379173740804	0	0	0	0	0	0	0	0	0	0.00386473429951691	0.00582457743261763	0	0	0	0	0	0	0	0.0109460516028147	0	0	0.00694269123958596	0	0	0	0	0	0.00445009535918627	0	0	0	0	0	k__Bacteria;p__Firmicutes;c__Clostridia;o__Clostridiales;f__Lachnospiraceae;g__Fusicatenibacter;
F0058	0	0	0	0	0	0	0	0	0	0	0	0	0	0	0	0	0	0	0.0105794662178408	0	0	0	0	0.00272424578750883	0	0	0	0	0	0.00229007633587786	0.00242986525292688	0	0	0	k__Bacteria;p__Bacteroidetes;c__Bacteroidia;o__Bacteroidales;f__Paludibacteraceae;g__F0058;
Aquabacterium	0	0	0	0	0	0	0	0	0	0	0	0	0	0	0	0	0	0	0	0	0	0	0	0	0	0	0	0	0	0.0104325699745547	0.00618511155290479	0	0	0	k__Bacteria;p__Proteobacteria;c__Gammaproteobacteria;o__Betaproteobacteriales;f__Burkholderiaceae;g__Aquabacterium;
Massilia	0	0	0	0.00941619585687382	0	0	0	0	0	0	0	0	0	0	0	0	0	0.0040950040950041	0	0	0.00586104006820119	0.00337390046993614	0	0	0	0	0	0	0	0.00152671755725191	0.00397614314115308	0.00704225352112676	0.0102580043518806	0	k__Bacteria;p__Proteobacteria;c__Gammaproteobacteria;o__Betaproteobacteriales;f__Burkholderiaceae;g__Massilia;
Paracoccus	0	0	0	0	0	0	0	0	0	0	0	0	0	0	0	0	0.0101214574898785	0	0	0	0.00682011935208866	0.00265092179780696	0	0	0	0	0	0	0	0.00534351145038168	0.00265076209410205	0	0.00590612371774946	0	k__Bacteria;p__Proteobacteria;c__Alphaproteobacteria;o__Rhodobacterales;f__Rhodobacteraceae;g__Paracoccus;
Oligella	0	0	0.0100755667506297	0	0	0	0	0	0	0	0	0	0	0	0	0	0	0	0	0	0	0	0	0	0	0	0	0	0	0.00152671755725191	0.00110448420587586	0.000960307298335467	0	0	k__Bacteria;p__Proteobacteria;c__Gammaproteobacteria;o__Betaproteobacteriales;f__Burkholderiaceae;g__Oligella;
Sphingobacterium	0	0	0	0	0	0	0	0	0	0	0	0	0	0	0	0	0	0	0	0	0	0	0	0	0	0	0	0	0	0	0	0.00992317541613316	0	0	k__Bacteria;p__Bacteroidetes;c__Bacteroidia;o__Sphingobacteriales;f__Sphingobacteriaceae;g__Sphingobacterium;
Flavonifractor	0.00608375778155065	0	0	0	0	0	0	0	0	0	0.00469289164941339	0	0.00314389359129383	0.00354609929078014	0	0	0	0	0	0	0	0	0	0	0	0	0	0	0.00317863954227591	0	0	0	0	0.00981461286804798	k__Bacteria;p__Firmicutes;c__Clostridia;o__Clostridiales;f__Ruminococcaceae;g__Flavonifractor;
Selenomonas-3	0	0	0	0	0	0	0	0	0	0	0	0	0	0	0	0	0	0	0.00937725414763164	0	0	0	0	0.00363232771667844	0	0.00130586186883343	0	0	0	0	0	0	0	0	k__Bacteria;p__Firmicutes;c__Negativicutes;o__Selenomonadales;f__Veillonellaceae;g__Selenomonas-3;
Cardiobacterium	0	0	0	0	0	0	0	0	0	0	0	0	0	0	0	0	0	0	0.00937725414763164	0	0	0.000963971562838896	0	0.00332963374028857	0	0	0	0	0	0	0	0	0	0	k__Bacteria;p__Proteobacteria;c__Gammaproteobacteria;o__Cardiobacteriales;f__Cardiobacteriaceae;g__Cardiobacterium;
Paeniglutamicibacter	0	0	0	0	0	0	0	0	0	0	0	0	0	0	0	0	0	0	0	0	0	0	0	0	0	0	0	0	0	0	0	0	0.00932545850170967	0	k__Bacteria;p__Actinobacteria;c__Actinobacteria;o__Micrococcales;f__Micrococcaceae;g__Paeniglutamicibacter;
Porphyrobacter	0	0	0	0	0	0	0	0	0	0	0	0	0	0	0	0	0	0	0	0	0	0	0	0.00918171728382605	0	0	0	0	0	0	0	0	0	0	k__Bacteria;p__Proteobacteria;c__Alphaproteobacteria;o__Sphingomonadales;f__Sphingomonadaceae;g__Porphyrobacter;
Caulobacter	0	0	0	0	0.00913705583756345	0	0	0	0	0	0	0	0	0	0	0	0.00337381916329285	0	0	0	0	0	0	0	0	0	0	0	0	0	0	0	0	0	k__Bacteria;p__Proteobacteria;c__Alphaproteobacteria;o__Caulobacterales;f__Caulobacteraceae;g__Caulobacter;
Fretibacterium	0	0	0	0	0	0	0	0	0	0	0	0	0	0	0	0	0	0	0.00913681173358981	0	0	0	0	0.00272424578750883	0	0	0	0	0	0	0	0	0	0	k__Bacteria;p__Synergistetes;c__Synergistia;o__Synergistales;f__Synergistaceae;g__Fretibacterium;
Luteimonas	0	0	0	0	0	0	0	0	0	0	0	0	0	0	0	0	0	0	0	0	0	0	0	0	0	0	0	0	0	0	0	0	0.00870376126826236	0	k__Bacteria;p__Proteobacteria;c__Gammaproteobacteria;o__Xanthomonadales;f__Xanthomonadaceae;g__Luteimonas;
[Ruminococcus]-torques-group	0.00268817204301075	0	0	0	0	0	0	0	0	0	0.00869565217391304	0.00205573321151211	0.00290205562273277	0.00370027752081406	0.00222057735011103	0	0	0	0	0	0	0	0.00290330724564504	0	0	0	0	0	0.00254291163382072	0	0	0.00448143405889885	0	0	k__Bacteria;p__Firmicutes;c__Clostridia;o__Clostridiales;f__Lachnospiraceae;g__[Ruminococcus]-torques-group;
Erysipelotrichaceae-UCG-003	0	0	0	0	0	0	0	0	0	0	0	0.00536774783005939	0.00495767835550181	0.00185013876040703	0.00118430792005922	0	0	0	0	0	0	0	0.00858369098712446	0	0	0	0	0	0.0041958041958042	0	0	0	0	0	k__Bacteria;p__Firmicutes;c__Erysipelotrichia;o__Erysipelotrichales;f__Erysipelotrichaceae;g__Erysipelotrichaceae-UCG-003;
Nocardioides	0	0	0	0	0.00812182741116751	0	0	0	0	0	0	0	0	0	0	0	0	0	0	0	0.00223785166240409	0.00204843957103265	0	0	0	0	0	0	0	0	0	0	0	0	k__Bacteria;p__Actinobacteria;c__Actinobacteria;o__Propionibacteriales;f__Nocardioidaceae;g__Nocardioides;
Oceanisphaera	0	0	0	0	0.00812182741116751	0	0	0	0	0	0	0	0	0	0	0	0	0	0	0	0	0	0	0	0	0	0	0	0	0	0	0	0.00404103201740752	0	k__Bacteria;p__Proteobacteria;c__Gammaproteobacteria;o__Aeromonadales;f__Aeromonadaceae;g__Oceanisphaera;
Prevotella-9	0	0	0	0	0	0	0	0	0	0	0	0	0	0	0	0	0.00809716599190283	0	0	0	0.00245098039215686	0	0	0	0	0	0	0	0	0	0	0.00480153649167734	0.00621697233447311	0	k__Bacteria;p__Bacteroidetes;c__Bacteroidia;o__Bacteroidales;f__Prevotellaceae;g__Prevotella-9;
Murdochiella	0	0	0	0	0	0	0	0	0	0	0	0	0	0	0	0	0.00742240215924426	0	0.00120221207020918	0	0.0079923273657289	0.000963971562838896	0	0.000807183937039653	0	0	0	0	0	0	0	0	0	0	k__Bacteria;p__Firmicutes;c__Clostridia;o__Clostridiales;f__Family-XI;g__Murdochiella;
Stomatobaculum	0	0	0	0	0	0	0.00383141762452107	0.00304723209751143	0.00797373358348968	0.00314095013741657	0	0	0	0	0	0.000778664590227759	0	0	0.00168309689829286	0	0	0	0	0	0	0.002031340684852	0	0.00142348754448399	0	0	0	0	0	0	k__Bacteria;p__Firmicutes;c__Clostridia;o__Clostridiales;f__Lachnospiraceae;g__Stomatobaculum;
Oscillibacter	0	0	0	0	0	0	0	0	0	0	0.00400276052449965	0.00319780721790772	0.00556227327690447	0.00786308973172988	0.00325684678016284	0	0.00134952766531714	0	0	0.00469116497263487	0	0	0.000757384498863923	0	0	0	0	0	0.00216147488874762	0	0	0	0	0	k__Bacteria;p__Firmicutes;c__Clostridia;o__Clostridiales;f__Ruminococcaceae;g__Oscillibacter;
Lachnospiraceae-UCG-001	0	0	0	0	0	0	0	0	0	0	0	0.00171311100959342	0.00761789600967352	0	0.00532938564026647	0	0	0	0	0	0	0	0	0	0	0	0	0	0	0	0	0	0	0	k__Bacteria;p__Firmicutes;c__Clostridia;o__Clostridiales;f__Lachnospiraceae;g__Lachnospiraceae-UCG-001;
Bilophila	0	0	0	0	0	0	0	0	0	0	0.00717736369910283	0	0.00120918984280532	0.0040086339808819	0.00222057735011103	0	0	0	0	0.00703674745895231	0	0	0	0	0	0	0	0	0	0	0	0	0	0	k__Bacteria;p__Proteobacteria;c__Deltaproteobacteria;o__Desulfovibrionales;f__Desulfovibrionaceae;g__Bilophila;
Ezakiella	0	0	0.00503778337531486	0.00188323917137476	0	0	0	0	0	0	0	0	0	0	0	0	0	0	0.00144265448425102	0	0.00703324808184143	0.00108446800819376	0	0.00332963374028857	0	0	0	0	0.000762873490146217	0.00559796437659033	0.000662690523525514	0.000960307298335467	0.00155424308361828	0	k__Bacteria;p__Firmicutes;c__Clostridia;o__Clostridiales;f__Family-XI;g__Ezakiella;
Blastococcus	0	0	0	0	0	0	0	0	0	0	0	0	0	0	0	0	0.00404858299595142	0	0	0	0.00149190110826939	0	0	0	0	0	0	0	0	0	0	0	0.00683866956792042	0	k__Bacteria;p__Actinobacteria;c__Actinobacteria;o__Frankiales;f__Geodermatophilaceae;g__Blastococcus;
Ruminococcaceae-UCG-003	0	0	0	0	0	0	0	0	0	0	0.00303657694962043	0.00456829602558246	0.00665054413542926	0.00570459451125501	0.00562546262028127	0	0	0	0	0	0	0	0.0049229992426155	0	0	0	0	0	0.00228862047043865	0	0	0	0	0	k__Bacteria;p__Firmicutes;c__Clostridia;o__Clostridiales;f__Ruminococcaceae;g__Ruminococcaceae-UCG-003;
Rhodococcus	0	0	0	0.00659133709981168	0	0	0	0	0	0	0	0	0	0	0	0	0	0	0	0	0.00245098039215686	0.000843475117484034	0	0	0	0	0	0	0	0.00254452926208651	0	0	0.00497357786757849	0	k__Bacteria;p__Actinobacteria;c__Actinobacteria;o__Corynebacteriales;f__Nocardiaceae;g__Rhodococcus;
Selenomonas-4	0	0	0	0	0	0	0	0	0	0	0	0	0	0	0	0	0	0	0.0064919451791296	0	0	0	0	0.00121077590555948	0	0	0	0	0	0	0	0	0	0	k__Bacteria;p__Firmicutes;c__Negativicutes;o__Selenomonadales;f__Veillonellaceae;g__Selenomonas-4;
Micrococcus	0	0	0	0	0	0	0	0	0	0	0	0	0	0	0	0	0	0	0	0	0.00138533674339301	0	0	0	0	0	0	0	0	0	0.00640600839407996	0	0.00310848616723656	0	k__Bacteria;p__Actinobacteria;c__Actinobacteria;o__Micrococcales;f__Micrococcaceae;g__Micrococcus;
Lachnospiraceae-ND3007-group	0	0	0	0	0	0	0	0	0	0	0.00110420979986197	0.00605299223389676	0.0030229746070133	0	0.00103626943005181	0	0	0	0	0	0	0	0.00403938399394092	0	0	0	0	0	0.00228862047043865	0	0	0	0	0	k__Bacteria;p__Firmicutes;c__Clostridia;o__Clostridiales;f__Lachnospiraceae;g__Lachnospiraceae-ND3007-group;
Tannerella	0	0	0	0	0	0	0	0	0	0	0	0	0	0	0	0	0	0	0.00601106035104592	0	0	0	0	0.00252244980324892	0	0.001015670342426	0.000498173364330787	0	0	0.00101781170483461	0	0	0	0	k__Bacteria;p__Bacteroidetes;c__Bacteroidia;o__Bacteroidales;f__Tannerellaceae;g__Tannerella;
Peptoclostridium	0	0	0	0.00564971751412429	0.0050761421319797	0	0	0	0	0	0	0	0	0	0	0	0.00134952766531714	0	0	0	0.00202472293265132	0.00216893601638752	0	0	0	0	0	0	0	0	0.000662690523525514	0.00320102432778489	0.00373018340068387	0	k__Bacteria;p__Firmicutes;c__Clostridia;o__Clostridiales;f__Peptostreptococcaceae;g__Peptoclostridium;
Pasteurella	0	0	0	0	0	0	0	0	0	0	0	0	0	0	0	0	0	0	0	0	0	0	0	0	0	0	0	0	0	0	0	0	0.0055952751010258	0	k__Bacteria;p__Proteobacteria;c__Gammaproteobacteria;o__Pasteurellales;f__Pasteurellaceae;g__Pasteurella;
Dialister	0	0	0	0	0	0	0	0	0	0	0.00151828847481021	0	0	0	0	0	0	0	0.00553017552296225	0	0.00202472293265132	0	0	0.00242155181111896	0	0	0	0	0.00127145581691036	0	0	0	0	0	k__Bacteria;p__Firmicutes;c__Negativicutes;o__Selenomonadales;f__Veillonellaceae;g__Dialister;
Serratia	0	0	0	0	0	0	0	0	0	0	0	0	0	0	0	0	0	0	0	0	0	0.00228943246174238	0	0	0	0	0	0	0	0	0.00552242102937928	0	0	0	k__Bacteria;p__Proteobacteria;c__Gammaproteobacteria;o__Enterobacteriales;f__Enterobacteriaceae;g__Serratia;
Romboutsia	0.00183927560837578	0	0	0	0	0	0	0	0	0	0.00124223602484472	0	0	0.000616712920135677	0.00103626943005181	0	0	0	0	0.00156372165754496	0	0	0.000883615248674577	0	0	0	0	0	0	0	0	0	0	0.0054525627044711	k__Bacteria;p__Firmicutes;c__Clostridia;o__Clostridiales;f__Peptostreptococcaceae;g__Romboutsia;
UBA1819	0.00240520656479909	0	0	0	0	0	0	0	0	0	0.00248447204968944	0.000685244403837369	0	0	0.000592153960029608	0	0	0	0	0	0	0	0.00113607674829588	0	0	0	0	0	0	0	0	0	0	0.0054525627044711	k__Bacteria;p__Firmicutes;c__Clostridia;o__Clostridiales;f__Ruminococcaceae;g__UBA1819;
Marmoricola	0	0	0	0	0	0	0	0	0	0	0	0	0	0	0	0	0	0	0	0	0	0	0	0	0	0	0	0	0	0	0	0.00544174135723431	0	0	k__Bacteria;p__Actinobacteria;c__Actinobacteria;o__Propionibacteriales;f__Nocardioidaceae;g__Marmoricola;
Abiotrophia	0	0	0	0	0	0	0	0	0	0	0	0	0	0	0	0	0	0	0.00480884828083674	0	0	0.000722978672129172	0	0.0053475935828877	0	0	0	0	0	0	0	0	0	0	k__Bacteria;p__Firmicutes;c__Bacilli;o__Lactobacillales;f__Aerococcaceae;g__Abiotrophia;
Aeromicrobium	0	0	0	0	0	0	0	0	0	0	0	0	0	0	0	0	0	0.00368550368550369	0	0	0.00532821824381927	0	0	0	0	0	0	0	0	0	0	0	0	0	k__Bacteria;p__Actinobacteria;c__Actinobacteria;o__Propionibacteriales;f__Nocardioidaceae;g__Aeromicrobium;
Novosphingobium	0	0	0	0	0	0	0	0	0	0	0	0	0	0	0	0	0	0.00532350532350532	0	0	0	0.00240992890709724	0	0	0	0	0	0	0	0	0	0	0	0	k__Bacteria;p__Proteobacteria;c__Alphaproteobacteria;o__Sphingomonadales;f__Sphingomonadaceae;g__Novosphingobium;
[Eubacterium]-xylanophilum-group	0	0	0	0	0	0	0	0	0	0	0	0	0.00532043530834341	0.00431699044094974	0.00236861584011843	0	0	0	0	0	0	0	0	0	0	0	0	0	0	0	0	0	0	0	k__Bacteria;p__Firmicutes;c__Clostridia;o__Clostridiales;f__Lachnospiraceae;g__[Eubacterium]-xylanophilum-group;
Deinococcus	0	0	0.00503778337531486	0.00188323917137476	0	0	0	0	0	0	0	0	0	0	0	0	0	0	0	0	0	0	0	0	0	0	0	0	0	0.00127226463104326	0.00176717472940137	0	0	0	k__Bacteria;p__Deinococcus-Thermus;c__Deinococci;o__Deinococcales;f__Deinococcaceae;g__Deinococcus;
Blastomonas	0	0	0	0	0	0	0	0	0	0	0	0	0	0	0	0	0	0	0	0	0	0	0	0.00494400161436787	0	0	0	0	0	0	0	0	0	0	k__Bacteria;p__Proteobacteria;c__Alphaproteobacteria;o__Sphingomonadales;f__Sphingomonadaceae;g__Blastomonas;
Odoribacter	0	0	0	0	0	0	0	0	0	0	0	0	0.00253929866989117	0.0047795251310515	0.00310880829015544	0	0	0	0	0	0	0.000481985781419448	0	0	0	0	0	0	0	0	0	0	0	0	k__Bacteria;p__Bacteroidetes;c__Bacteroidia;o__Bacteroidales;f__Marinifilaceae;g__Odoribacter;
Methylobacterium	0	0	0	0	0	0	0	0	0	0	0	0	0	0	0	0	0.00472334682860999	0	0	0	0.00277067348678602	0.00108446800819376	0	0	0	0	0	0	0	0.00229007633587786	0	0.00192061459667093	0.00341933478396021	0	k__Bacteria;p__Proteobacteria;c__Alphaproteobacteria;o__Rhizobiales;f__Beijerinckiaceae;g__Methylobacterium;
[Eubacterium]-nodatum-group	0	0	0	0	0	0	0	0.00355510411376333	0	0.00471142520612485	0	0	0	0	0	0.00155732918045552	0	0	0.00408752103871123	0	0	0	0	0.00151346988194935	0	0.00116076610562972	0	0	0	0	0	0	0	0	k__Bacteria;p__Firmicutes;c__Clostridia;o__Clostridiales;f__Family-XIII;g__[Eubacterium]-nodatum-group;
Ruminococcaceae-UCG-013	0	0	0	0	0	0	0	0	0	0	0	0.00102786660575605	0.00241837968561064	0.000925069380203515	0.00222057735011103	0	0	0	0	0	0	0	0.00214592274678112	0	0	0	0	0	0.00470438652256834	0	0	0	0	0	k__Bacteria;p__Firmicutes;c__Clostridia;o__Clostridiales;f__Ruminococcaceae;g__Ruminococcaceae-UCG-013;
Lachnospiraceae-UCG-010	0	0	0	0	0	0	0	0	0	0	0.00469289164941339	0.00182731841023298	0	0.00185013876040703	0.00266469282013323	0	0	0	0	0	0	0	0.00176723049734915	0	0	0	0	0	0.0045772409408773	0	0	0	0	0	k__Bacteria;p__Firmicutes;c__Clostridia;o__Clostridiales;f__Lachnospiraceae;g__Lachnospiraceae-UCG-010;
Ruminococcaceae-UCG-014	0	0	0	0	0	0	0	0	0.00140712945590994	0	0.000966183574879227	0	0.00459492140266022	0	0.00222057735011103	0.00175199532801246	0	0	0.00384707862466939	0	0	0	0	0.000403591968519826	0.00110071546505228	0.000870574579222287	0.00199269345732315	0.00170818505338078	0	0.00127226463104326	0.0030925557764524	0	0	0	k__Bacteria;p__Firmicutes;c__Clostridia;o__Clostridiales;f__Ruminococcaceae;g__Ruminococcaceae-UCG-014;
Megasphaera	0	0	0	0	0	0	0	0.00457084814626714	0	0	0	0	0	0	0	0	0	0	0.00432796345275307	0	0	0	0	0	0	0	0	0.00341637010676157	0	0	0	0	0	0	k__Bacteria;p__Firmicutes;c__Negativicutes;o__Selenomonadales;f__Veillonellaceae;g__Megasphaera;
Flaviaesturariibacter	0	0	0	0	0	0	0	0	0	0	0	0	0	0	0	0	0	0	0	0	0	0	0	0	0	0	0	0	0	0	0	0.00448143405889885	0	0	k__Bacteria;p__Bacteroidetes;c__Bacteroidia;o__Chitinophagales;f__Chitinophagaceae;g__Flaviaesturariibacter;
Clostridium-sensu-stricto-1	0	0	0.00251889168765743	0	0	0	0	0	0	0	0	0	0	0.000925069380203515	0	0	0	0	0	0	0.00181159420289855	0	0	0	0	0	0	0	0	0	0.00198807157057654	0.00448143405889885	0.0027976375505129	0	k__Bacteria;p__Firmicutes;c__Clostridia;o__Clostridiales;f__Clostridiaceae-1;g__Clostridium-sensu-stricto-1;
Burkholderia-Caballeronia-Paraburkholderia	0	0	0	0	0	0	0	0	0	0	0	0	0	0	0	0	0	0	0.00432796345275307	0	0	0	0	0.00151346988194935	0	0	0	0	0	0	0	0	0	0	k__Bacteria;p__Proteobacteria;c__Gammaproteobacteria;o__Betaproteobacteriales;f__Burkholderiaceae;g__Burkholderia-Caballeronia-Paraburkholderia;
Ruminococcaceae-UCG-005	0	0	0	0	0	0	0	0	0	0	0	0	0.00326481257557437	0.00431699044094974	0.00266469282013323	0	0	0	0	0	0	0	0	0	0	0	0	0	0	0	0	0	0	0	k__Bacteria;p__Firmicutes;c__Clostridia;o__Clostridiales;f__Ruminococcaceae;g__Ruminococcaceae-UCG-005;
Paraperlucidibaca	0	0	0	0	0.00406091370558376	0	0	0	0	0	0	0	0	0	0	0	0	0	0	0	0	0	0	0	0	0	0	0	0	0	0	0	0.00186509170034193	0	k__Bacteria;p__Proteobacteria;c__Gammaproteobacteria;o__Pseudomonadales;f__Moraxellaceae;g__Paraperlucidibaca;
Rubellimicrobium	0	0	0	0	0	0	0	0	0	0	0	0	0	0	0	0	0.00202429149797571	0	0	0	0.00404944586530264	0.00108446800819376	0	0	0	0	0	0	0	0	0.000662690523525514	0.00128040973111396	0	0	k__Bacteria;p__Proteobacteria;c__Alphaproteobacteria;o__Rhodobacterales;f__Rhodobacteraceae;g__Rubellimicrobium;
[Eubacterium]-brachy-group	0	0	0	0	0	0	0	0	0	0	0	0	0	0	0	0	0	0	0.00384707862466939	0	0	0	0	0.00060538795277974	0	0	0	0	0	0.000508905852417303	0	0	0.00124339446689462	0	k__Bacteria;p__Firmicutes;c__Clostridia;o__Clostridiales;f__Family-XIII;g__[Eubacterium]-brachy-group;
Holdemanella	0	0	0	0.00376647834274953	0.00203045685279188	0	0	0	0	0	0	0	0	0	0	0	0	0	0	0	0	0.000361489336064586	0	0	0	0	0	0	0	0	0	0.00160051216389245	0	0	k__Bacteria;p__Firmicutes;c__Erysipelotrichia;o__Erysipelotrichales;f__Erysipelotrichaceae;g__Holdemanella;
CAG-56	0	0	0	0	0	0	0	0	0	0	0.00372670807453416	0	0.00133010882708585	0	0.00207253886010363	0	0	0	0	0	0	0	0	0	0	0	0	0	0.00267005721551176	0	0	0	0	0	k__Bacteria;p__Firmicutes;c__Clostridia;o__Clostridiales;f__Lachnospiraceae;g__CAG-56;
Solobacterium	0	0	0	0	0	0	0	0.00101574403250381	0	0.00117785630153121	0	0	0	0	0	0.00038933229511388	0	0	0.00216398172637653	0	0	0	0	0.000504489960649783	0	0.00116076610562972	0.00182663566921289	0.00370106761565836	0	0	0	0	0	0	k__Bacteria;p__Firmicutes;c__Erysipelotrichia;o__Erysipelotrichales;f__Erysipelotrichaceae;g__Solobacterium;
Atopobium	0	0	0	0	0	0	0	0.00253936008125952	0	0	0	0	0	0	0	0	0	0	0.00360663621062755	0	0	0	0	0.00090808192916961	0	0.000725478816018572	0.00116240451677184	0.00185053380782918	0	0	0	0	0	0	k__Bacteria;p__Actinobacteria;c__Coriobacteriia;o__Coriobacteriales;f__Atopobiaceae;g__Atopobium;
Mogibacterium	0	0	0	0	0	0	0	0.00355510411376333	0.00187617260787992	0	0.000276052449965493	0	0	0	0	0	0	0	0.00240442414041837	0	0.000319693094629156	0	0	0.00151346988194935	0	0.000435287289611143	0.00116240451677184	0	0	0	0	0	0	0	k__Bacteria;p__Firmicutes;c__Clostridia;o__Clostridiales;f__Family-XIII;g__Mogibacterium;
Mycoplasma	0	0	0	0	0	0	0	0	0	0	0	0	0	0	0	0	0	0	0	0	0.00202472293265132	0	0	0	0	0	0	0	0	0.00254452926208651	0	0.000960307298335467	0.00341933478396021	0	k__Bacteria;p__Tenericutes;c__Mollicutes;o__Mycoplasmatales;f__Mycoplasmataceae;g__Mycoplasma;
Anaeroglobus	0	0	0	0	0	0	0	0	0	0	0	0	0	0	0	0	0	0	0.00336619379658572	0	0	0	0	0.000706285944909696	0	0	0	0	0	0	0	0	0	0	k__Bacteria;p__Firmicutes;c__Negativicutes;o__Selenomonadales;f__Veillonellaceae;g__Anaeroglobus;
Prevotella-2	0	0	0	0	0	0	0	0	0	0	0	0	0	0	0	0	0	0	0.00336619379658572	0	0	0	0	0.00221975582685905	0	0	0	0	0	0.00305343511450382	0	0	0	0	k__Bacteria;p__Bacteroidetes;c__Bacteroidia;o__Bacteroidales;f__Prevotellaceae;g__Prevotella-2;
Hungatella	0.00325410299943407	0	0	0	0	0	0	0	0	0	0.00234644582470669	0	0	0	0	0	0	0	0	0	0	0	0	0	0	0	0	0	0	0	0	0	0	0	k__Bacteria;p__Firmicutes;c__Clostridia;o__Clostridiales;f__Lachnospiraceae;g__Hungatella;
Shuttleworthia	0	0	0	0	0	0	0	0	0	0	0	0	0.00314389359129383	0	0	0	0	0	0.000480884828083674	0	0	0	0.00126230749810654	0	0	0	0	0	0	0	0	0	0	0	k__Bacteria;p__Firmicutes;c__Clostridia;o__Clostridiales;f__Lachnospiraceae;g__Shuttleworthia;
Peptostreptococcus	0	0	0	0	0	0	0	0	0	0	0	0	0	0	0	0	0	0	0.00312575138254388	0	0	0	0	0.000807183937039653	0	0	0	0	0	0	0	0	0	0	k__Bacteria;p__Firmicutes;c__Clostridia;o__Clostridiales;f__Peptostreptococcaceae;g__Peptostreptococcus;
Kingella	0	0	0	0	0	0	0	0	0	0	0	0	0	0	0	0	0	0	0.00312575138254388	0	0	0	0	0.00131167389768944	0	0	0	0	0	0	0	0	0	0	k__Bacteria;p__Proteobacteria;c__Gammaproteobacteria;o__Betaproteobacteriales;f__Neisseriaceae;g__Kingella;
Coprococcus-1	0	0	0	0	0	0	0	0	0	0	0	0.00137048880767474	0	0	0	0	0	0	0	0	0	0	0	0	0	0	0	0	0.00305149396058487	0	0	0	0	0	k__Bacteria;p__Firmicutes;c__Clostridia;o__Clostridiales;f__Lachnospiraceae;g__Coprococcus-1;
Roseomonas	0	0	0	0	0.00304568527918782	0	0	0	0	0	0	0	0	0	0	0	0	0	0	0	0.00191815856777494	0	0	0	0	0	0	0	0	0	0	0	0	0	k__Bacteria;p__Proteobacteria;c__Alphaproteobacteria;o__Acetobacterales;f__Acetobacteraceae;g__Roseomonas;
Butyricicoccus	0	0	0	0	0	0	0	0	0	0	0.000690131124913734	0.0029693924166286	0	0.00200431699044095	0	0	0	0	0	0	0	0	0.0016409997475385	0	0	0	0	0	0	0	0	0	0	0	k__Bacteria;p__Firmicutes;c__Clostridia;o__Clostridiales;f__Ruminococcaceae;g__Butyricicoccus;
[Eubacterium]-yurii-group	0	0	0	0	0	0	0	0	0	0	0	0	0	0	0	0.00155732918045552	0	0	0.00288530896850204	0	0	0	0	0.00110987791342952	0.00110071546505228	0.00261172373766686	0.00166057788110262	0	0	0	0	0	0	0	k__Bacteria;p__Firmicutes;c__Clostridia;o__Clostridiales;f__Peptostreptococcaceae;g__[Eubacterium]-yurii-group;
Aequorivita	0	0	0	0	0	0	0	0	0	0	0	0	0	0	0	0	0	0	0	0	0	0	0	0	0	0	0	0	0	0	0	0	0.0027976375505129	0	k__Bacteria;p__Bacteroidetes;c__Bacteroidia;o__Flavobacteriales;f__Flavobacteriaceae;g__Aequorivita;
Gaiella	0	0	0	0	0	0	0	0	0	0	0	0	0	0	0	0	0	0	0	0	0.00149190110826939	0	0	0	0	0	0	0	0	0	0	0	0.0027976375505129	0	k__Bacteria;p__Actinobacteria;c__Thermoleophilia;o__Gaiellales;f__Gaiellaceae;g__Gaiella;
Coprococcus-3	0	0	0	0	0	0	0	0	0	0	0	0.00228414801279123	0	0	0	0	0	0	0	0	0	0	0	0	0	0	0	0	0.0027972027972028	0	0	0	0	0	k__Bacteria;p__Firmicutes;c__Clostridia;o__Clostridiales;f__Lachnospiraceae;g__Coprococcus-3;
Polaromonas	0	0	0	0	0	0	0	0	0	0	0	0	0	0	0	0	0	0	0	0	0.00277067348678602	0	0	0	0	0	0	0	0	0	0	0	0	0	k__Bacteria;p__Proteobacteria;c__Gammaproteobacteria;o__Betaproteobacteriales;f__Burkholderiaceae;g__Polaromonas;
Hymenobacter	0	0	0	0	0	0	0	0	0	0	0	0	0	0	0	0	0	0	0	0	0.00266410912190963	0	0	0	0	0	0	0	0	0.00178117048346056	0	0	0	0	k__Bacteria;p__Bacteroidetes;c__Bacteroidia;o__Cytophagales;f__Hymenobacteraceae;g__Hymenobacter;
Flavisolibacter	0	0	0	0	0	0	0	0	0	0	0	0	0	0	0	0	0	0	0	0	0.00266410912190963	0.00156645378961321	0	0	0	0	0	0	0	0	0	0	0	0	k__Bacteria;p__Bacteroidetes;c__Bacteroidia;o__Chitinophagales;f__Chitinophagaceae;g__Flavisolibacter;
Variovorax	0	0	0	0	0	0	0	0	0	0	0	0	0	0	0	0	0	0	0	0	0	0.00265092179780696	0	0	0	0	0	0	0	0	0	0	0	0	k__Bacteria;p__Proteobacteria;c__Gammaproteobacteria;o__Betaproteobacteriales;f__Burkholderiaceae;g__Variovorax;
[Eubacterium]-hallii-group	0.000990379173740804	0	0	0	0	0	0	0	0	0	0	0.00262677021470991	0	0	0	0	0	0	0	0	0	0	0	0	0	0	0	0	0.000890019071837254	0	0	0	0	0	k__Bacteria;p__Firmicutes;c__Clostridia;o__Clostridiales;f__Lachnospiraceae;g__[Eubacterium]-hallii-group;
Butyricimonas	0	0	0	0	0	0	0	0	0	0	0	0	0.00157194679564692	0.00262102991057663	0.00222057735011103	0	0	0	0	0	0	0	0	0	0	0	0	0	0	0	0	0	0	0	k__Bacteria;p__Bacteroidetes;c__Bacteroidia;o__Bacteroidales;f__Marinifilaceae;g__Butyricimonas;
Faecalibaculum	0	0	0	0	0	0	0	0	0	0	0	0	0	0	0	0	0	0	0	0	0	0.00108446800819376	0	0	0	0	0	0	0	0	0	0.00256081946222791	0	0	k__Bacteria;p__Firmicutes;c__Erysipelotrichia;o__Erysipelotrichales;f__Erysipelotrichaceae;g__Faecalibaculum;
Catenibacterium	0	0	0	0.00188323917137476	0	0	0	0	0	0	0	0	0	0	0	0	0	0	0	0	0.00117220801364024	0.00180744668032293	0	0	0	0	0	0	0	0	0	0.00256081946222791	0.00248678893378924	0	k__Bacteria;p__Firmicutes;c__Erysipelotrichia;o__Erysipelotrichales;f__Erysipelotrichaceae;g__Catenibacterium;
Defluviitaleaceae-UCG-011	0	0	0	0	0	0	0	0	0	0	0	0	0	0	0	0	0	0	0	0	0.000745950554134697	0	0	0	0	0	0	0	0	0.00127226463104326	0	0.00256081946222791	0	0	k__Bacteria;p__Firmicutes;c__Clostridia;o__Clostridiales;f__Defluviitaleaceae;g__Defluviitaleaceae-UCG-011;
Arcicella	0	0	0	0	0	0	0	0	0	0	0	0	0	0	0	0	0	0	0	0	0	0	0	0	0	0	0	0	0	0	0	0.00256081946222791	0	0	k__Bacteria;p__Bacteroidetes;c__Bacteroidia;o__Cytophagales;f__Spirosomaceae;g__Arcicella;
Intestinibacter	0.00254668930390492	0	0	0	0	0	0	0	0	0	0	0	0	0	0	0	0	0	0	0	0	0	0	0	0	0	0	0	0	0	0	0	0	0	k__Bacteria;p__Firmicutes;c__Clostridia;o__Clostridiales;f__Peptostreptococcaceae;g__Intestinibacter;
Dorea	0.00254668930390492	0	0	0	0	0	0	0	0	0	0	0.00125628140703518	0.00205562273276904	0.00185013876040703	0	0	0	0	0	0	0	0	0.00138853824791719	0	0	0	0	0	0.00152574698029243	0	0	0	0	0	k__Bacteria;p__Firmicutes;c__Clostridia;o__Clostridiales;f__Lachnospiraceae;g__Dorea;
Gallicola	0	0	0.00251889168765743	0	0	0	0	0	0	0	0	0	0	0	0	0	0	0	0	0	0	0	0	0	0	0	0	0	0	0	0	0	0	0	k__Bacteria;p__Firmicutes;c__Clostridia;o__Clostridiales;f__Family-XI;g__Gallicola;
Tyzzerella	0.000565930956423316	0	0	0	0	0	0	0	0	0	0	0.00251256281407035	0	0	0	0	0	0	0	0	0	0	0	0	0	0	0	0	0	0	0	0	0	0	k__Bacteria;p__Firmicutes;c__Clostridia;o__Clostridiales;f__Lachnospiraceae;g__Tyzzerella;
Sphingopyxis	0	0	0	0	0	0	0	0	0	0	0	0	0	0	0	0	0	0	0	0	0	0.00060248222677431	0	0	0	0	0	0	0	0	0	0	0.00248678893378924	0	k__Bacteria;p__Proteobacteria;c__Alphaproteobacteria;o__Sphingomonadales;f__Sphingomonadaceae;g__Sphingopyxis;
Noviherbaspirillum	0	0	0	0	0	0	0	0	0	0	0	0	0	0	0	0	0	0	0	0	0.00234441602728048	0	0	0	0	0	0	0	0	0	0	0	0	0	k__Bacteria;p__Proteobacteria;c__Gammaproteobacteria;o__Betaproteobacteriales;f__Burkholderiaceae;g__Noviherbaspirillum;
Hydrogenophaga	0	0	0	0	0	0	0	0	0	0	0	0	0	0	0	0.00233599377068328	0	0	0	0	0	0	0	0	0	0	0	0	0	0	0	0	0	0	k__Bacteria;p__Proteobacteria;c__Gammaproteobacteria;o__Betaproteobacteriales;f__Burkholderiaceae;g__Hydrogenophaga;
Ruminococcaceae-UCG-009	0	0	0	0	0	0	0	0	0	0	0	0	0	0.00231267345050879	0	0	0	0	0	0	0	0	0	0	0	0	0	0	0	0	0	0	0	0	k__Bacteria;p__Firmicutes;c__Clostridia;o__Clostridiales;f__Ruminococcaceae;g__Ruminococcaceae-UCG-009;
Cloacibacterium	0	0	0	0	0	0	0	0	0	0	0	0	0	0	0	0	0	0	0	0	0	0.000722978672129172	0	0	0	0	0	0	0	0.00229007633587786	0	0	0	0	k__Bacteria;p__Bacteroidetes;c__Bacteroidia;o__Flavobacteriales;f__Weeksellaceae;g__Cloacibacterium;
Arthrobacter	0	0	0	0	0	0	0	0	0	0	0	0	0	0	0	0	0	0	0	0	0	0.00228943246174238	0	0	0	0	0	0	0	0	0	0	0	0	k__Bacteria;p__Actinobacteria;c__Actinobacteria;o__Micrococcales;f__Micrococcaceae;g__Arthrobacter;
Intestinimonas	0.00155631013016412	0	0	0	0	0	0	0	0	0	0	0	0	0.00215849522047487	0	0	0	0	0	0	0	0	0	0	0	0	0	0	0.00114431023521933	0	0	0	0	0	k__Bacteria;p__Firmicutes;c__Clostridia;o__Clostridiales;f__Ruminococcaceae;g__Intestinimonas;
Ruminiclostridium-5	0.00155631013016412	0	0	0	0	0	0	0	0	0	0.0020703933747412	0	0	0	0	0	0	0	0	0	0	0	0	0	0	0	0	0	0.000890019071837254	0	0	0	0	0	k__Bacteria;p__Firmicutes;c__Clostridia;o__Clostridiales;f__Ruminococcaceae;g__Ruminiclostridium-5;
Adhaeribacter	0	0	0	0	0	0	0	0	0	0	0	0	0	0	0	0	0	0	0	0	0.00170502983802217	0.00204843957103265	0	0	0	0	0	0	0	0	0.000883587364700685	0	0	0	k__Bacteria;p__Bacteroidetes;c__Bacteroidia;o__Cytophagales;f__Hymenobacteraceae;g__Adhaeribacter;
Methylophilus	0	0	0	0	0	0	0	0	0	0	0	0	0	0	0	0	0	0	0	0	0	0	0	0.00201795984259913	0	0	0	0	0	0.00203562340966921	0	0	0	0	k__Bacteria;p__Proteobacteria;c__Gammaproteobacteria;o__Betaproteobacteriales;f__Methylophilaceae;g__Methylophilus;
Actinomycetospora	0	0	0	0	0	0	0	0	0	0	0	0	0	0	0	0	0	0	0	0	0.00202472293265132	0.00132546089890348	0	0	0	0	0	0	0	0	0	0	0	0	k__Bacteria;p__Actinobacteria;c__Actinobacteria;o__Pseudonocardiales;f__Pseudonocardiaceae;g__Actinomycetospora;
[Eubacterium]-ventriosum-group	0.00198075834748161	0	0	0	0	0	0	0	0	0	0	0	0	0	0	0	0	0	0	0	0	0	0.000883615248674577	0	0	0	0	0	0	0	0	0	0	0	k__Bacteria;p__Firmicutes;c__Clostridia;o__Clostridiales;f__Lachnospiraceae;g__[Eubacterium]-ventriosum-group;
Vogesella	0	0	0	0	0	0	0	0	0	0	0	0	0	0	0	0.0019466614755694	0	0	0	0	0	0	0	0	0	0	0	0	0	0	0	0	0	0	k__Bacteria;p__Proteobacteria;c__Gammaproteobacteria;o__Betaproteobacteriales;f__Chromobacteriaceae;g__Vogesella;
Altererythrobacter	0	0	0	0	0	0	0	0	0	0	0	0	0	0	0	0	0	0	0	0	0.00191815856777494	0	0	0	0	0	0	0	0	0	0	0	0	0	k__Bacteria;p__Proteobacteria;c__Alphaproteobacteria;o__Sphingomonadales;f__Sphingomonadaceae;g__Altererythrobacter;
Ulvibacter	0	0	0	0	0	0	0	0	0	0	0	0	0	0	0	0	0	0	0	0	0	0.000361489336064586	0	0	0	0	0	0	0	0	0	0	0.00186509170034193	0	k__Bacteria;p__Bacteroidetes;c__Bacteroidia;o__Flavobacteriales;f__Flavobacteriaceae;g__Ulvibacter;
Pseudogracilibacillus	0	0	0	0	0	0	0	0	0	0	0	0	0	0	0	0	0	0	0	0	0	0	0	0	0	0	0	0	0	0	0	0	0.00186509170034193	0	k__Bacteria;p__Firmicutes;c__Bacilli;o__Bacillales;f__Bacillaceae;g__Pseudogracilibacillus;
SR1-bacterium-canine-oral-taxon-369	0	0	0	0	0	0	0	0	0	0	0	0	0	0	0	0	0	0	0	0	0	0	0	0	0	0	0	0	0	0	0	0.00160051216389245	0.00186509170034193	0	k__Bacteria;p__Patescibacteria;c__Gracilibacteria;o__Absconditabacteriales-(SR1);f__SR1-bacterium-canine-oral-taxon-369;g__SR1-bacterium-canine-oral-taxon-369;
Microvirga	0	0	0	0	0	0	0	0	0	0	0	0	0	0	0	0	0	0	0	0	0.00181159420289855	0	0	0	0	0	0	0	0	0	0	0	0	0	k__Bacteria;p__Proteobacteria;c__Alphaproteobacteria;o__Rhizobiales;f__Beijerinckiaceae;g__Microvirga;
Facklamia	0	0	0	0	0	0	0	0	0	0	0	0	0	0	0	0	0	0	0	0	0	0	0	0	0	0	0	0	0	0.00178117048346056	0	0	0	0	k__Bacteria;p__Firmicutes;c__Bacilli;o__Lactobacillales;f__Aerococcaceae;g__Facklamia;
[Eubacterium]-coprostanoligenes-group	0	0	0.00167926112510495	0	0	0	0	0	0	0	0	0	0.00120918984280532	0.00169596053037311	0.00118430792005922	0	0	0	0	0	0.000959079283887468	0	0	0	0	0	0	0	0	0	0	0	0	0	k__Bacteria;p__Firmicutes;c__Clostridia;o__Clostridiales;f__Ruminococcaceae;g__[Eubacterium]-coprostanoligenes-group;
Anaerosporobacter	0	0	0	0	0	0	0	0	0	0	0	0	0.00169286577992745	0	0	0	0	0	0	0	0	0	0	0	0	0	0	0	0	0	0	0	0	0	k__Bacteria;p__Firmicutes;c__Clostridia;o__Clostridiales;f__Lachnospiraceae;g__Anaerosporobacter;
Johnsonella	0	0	0	0	0	0	0	0	0	0	0	0	0	0	0	0	0	0	0.00168309689829286	0	0	0	0	0.000807183937039653	0	0	0	0	0	0	0	0	0	0	k__Bacteria;p__Firmicutes;c__Clostridia;o__Clostridiales;f__Lachnospiraceae;g__Johnsonella;
Brevibacterium	0	0.00165425971877585	0	0	0	0	0	0	0	0	0	0	0	0	0	0	0	0	0	0	0	0	0	0	0	0	0	0	0	0.000763358778625954	0	0	0	0	k__Bacteria;p__Actinobacteria;c__Actinobacteria;o__Micrococcales;f__Brevibacteriaceae;g__Brevibacterium;
Mycobacterium	0	0	0	0	0	0	0	0	0	0	0	0	0	0	0	0	0	0	0	0	0.00159846547314578	0	0	0	0	0	0	0	0	0	0	0	0	0	k__Bacteria;p__Actinobacteria;c__Actinobacteria;o__Corynebacteriales;f__Mycobacteriaceae;g__Mycobacterium;
Varibaculum	0	0	0	0	0	0	0	0	0	0	0	0	0	0	0	0	0	0	0	0	0.00159846547314578	0	0	0	0	0	0	0	0	0	0	0	0	0	k__Bacteria;p__Actinobacteria;c__Actinobacteria;o__Actinomycetales;f__Actinomycetaceae;g__Varibaculum;
Tepidimonas	0	0	0	0	0	0	0	0	0	0	0	0	0	0	0	0	0	0	0	0	0	0.00156645378961321	0	0	0	0	0	0	0	0	0	0	0	0	k__Bacteria;p__Proteobacteria;c__Gammaproteobacteria;o__Betaproteobacteriales;f__Burkholderiaceae;g__Tepidimonas;
Rhodovastum	0	0	0	0	0	0	0	0	0	0	0	0	0	0	0	0	0	0	0	0	0	0.00156645378961321	0	0	0	0	0	0	0	0	0	0	0	0	k__Bacteria;p__Proteobacteria;c__Alphaproteobacteria;o__Acetobacterales;f__Acetobacteraceae;g__Rhodovastum;
Helcococcus	0	0	0	0	0	0	0	0	0	0	0	0	0	0	0	0	0	0	0	0	0	0	0	0	0	0	0	0	0	0.00152671755725191	0.000662690523525514	0	0	0	k__Bacteria;p__Firmicutes;c__Clostridia;o__Clostridiales;f__Family-XI;g__Helcococcus;
Segetibacter	0	0	0	0	0	0	0	0	0	0	0	0	0	0	0	0	0	0	0	0	0.00149190110826939	0	0	0	0	0	0	0	0	0	0	0	0	0	k__Bacteria;p__Bacteroidetes;c__Bacteroidia;o__Chitinophagales;f__Chitinophagaceae;g__Segetibacter;
Scardovia	0	0	0	0	0	0	0	0	0	0	0	0	0	0	0	0	0	0	0.00144265448425102	0	0	0	0	0.000201795984259913	0	0	0	0	0	0	0	0	0	0	k__Bacteria;p__Actinobacteria;c__Actinobacteria;o__Bifidobacteriales;f__Bifidobacteriaceae;g__Scardovia;
Tyzzerella-3	0	0	0	0	0	0	0	0	0	0	0	0	0.00133010882708585	0.00138760407030527	0.00133234641006662	0	0	0	0	0	0	0.000240992890709724	0	0	0	0	0	0	0	0.000508905852417303	0	0	0	0	k__Bacteria;p__Firmicutes;c__Clostridia;o__Clostridiales;f__Lachnospiraceae;g__Tyzzerella-3;
Arcanobacterium	0	0	0	0	0	0	0	0	0	0	0	0	0	0	0	0	0	0	0	0	0.00138533674339301	0	0	0	0	0	0	0	0	0	0	0	0	0	k__Bacteria;p__Actinobacteria;c__Actinobacteria;o__Actinomycetales;f__Actinomycetaceae;g__Arcanobacterium;
Fastidiosipila	0	0	0	0	0	0	0	0	0	0	0	0	0	0	0	0	0.00134952766531714	0	0	0	0.000213128729752771	0	0	0	0	0	0	0	0	0	0.000662690523525514	0	0.000932545850170967	0	k__Bacteria;p__Firmicutes;c__Clostridia;o__Clostridiales;f__Ruminococcaceae;g__Fastidiosipila;
Butyrivibrio-2	0	0	0	0	0	0	0	0	0	0	0	0	0	0	0	0	0	0	0	0	0	0	0	0	0	0.00130586186883343	0	0	0	0	0	0	0	0	k__Bacteria;p__Firmicutes;c__Clostridia;o__Clostridiales;f__Lachnospiraceae;g__Butyrivibrio-2;
Filifactor	0	0	0	0	0	0	0	0	0	0	0	0	0	0	0	0	0	0	0	0	0	0	0	0	0	0	0	0	0	0	0	0.00128040973111396	0	0	k__Bacteria;p__Firmicutes;c__Clostridia;o__Clostridiales;f__Peptostreptococcaceae;g__Filifactor;
Pseudoxanthomonas	0	0	0	0	0	0	0	0	0	0	0	0	0	0	0	0	0	0	0	0	0.00127877237851662	0	0	0	0	0	0	0	0	0	0	0	0	0	k__Bacteria;p__Proteobacteria;c__Gammaproteobacteria;o__Xanthomonadales;f__Xanthomonadaceae;g__Pseudoxanthomonas;
Nakamurella	0	0	0	0	0	0	0	0	0	0	0	0	0	0	0	0	0	0	0	0	0.00127877237851662	0	0	0	0	0	0	0	0	0	0	0	0	0	k__Bacteria;p__Actinobacteria;c__Actinobacteria;o__Frankiales;f__Nakamurellaceae;g__Nakamurella;
Tumebacillus	0	0	0	0	0	0	0	0	0	0	0	0	0	0	0	0	0	0	0	0	0.000532821824381927	0.000240992890709724	0	0	0	0	0	0	0	0.00127226463104326	0.000662690523525514	0	0	0	k__Bacteria;p__Firmicutes;c__Bacilli;o__Bacillales;f__Alicyclobacillaceae;g__Tumebacillus;
Arcobacter	0	0	0	0	0	0	0	0	0	0	0	0	0	0	0	0	0	0	0	0	0	0	0	0	0	0	0	0	0	0	0	0	0.00124339446689462	0	k__Bacteria;p__Epsilonbacteraeota;c__Campylobacteria;o__Campylobacterales;f__Arcobacteraceae;g__Arcobacter;
Paenalcaligenes	0	0	0	0	0	0	0	0	0	0	0	0	0	0	0	0	0	0	0	0	0	0	0	0	0	0	0	0	0	0	0	0	0.00124339446689462	0	k__Bacteria;p__Proteobacteria;c__Gammaproteobacteria;o__Betaproteobacteriales;f__Burkholderiaceae;g__Paenalcaligenes;
Cellvibrio	0	0	0	0	0	0	0	0	0	0	0	0	0	0	0	0	0	0	0	0	0	0	0	0	0	0	0	0	0	0	0	0	0.00124339446689462	0	k__Bacteria;p__Proteobacteria;c__Gammaproteobacteria;o__Cellvibrionales;f__Cellvibrionaceae;g__Cellvibrio;
Turicella	0	0	0	0	0	0	0	0	0	0	0	0	0	0	0	0	0	0	0	0	0	0	0	0.00121077590555948	0	0	0	0	0	0	0	0	0	0	k__Bacteria;p__Actinobacteria;c__Actinobacteria;o__Corynebacteriales;f__Corynebacteriaceae;g__Turicella;
Weissella	0	0	0	0	0	0	0	0	0	0	0	0	0	0	0	0	0	0	0	0	0.00117220801364024	0.000722978672129172	0	0	0	0	0	0	0	0.00101781170483461	0	0.000640204865556978	0	0	k__Bacteria;p__Firmicutes;c__Bacilli;o__Lactobacillales;f__Leuconostocaceae;g__Weissella;
Eremococcus	0	0	0	0	0	0	0	0	0	0	0	0	0	0	0	0	0	0	0	0	0	0	0	0.00110987791342952	0	0	0	0	0	0	0	0	0	0	k__Bacteria;p__Firmicutes;c__Bacilli;o__Lactobacillales;f__Aerococcaceae;g__Eremococcus;
Dyadobacter	0	0	0	0	0	0	0	0	0	0	0	0	0	0	0	0	0	0	0	0	0	0.000843475117484034	0	0	0	0	0	0	0	0	0.00110448420587586	0	0	0	k__Bacteria;p__Bacteroidetes;c__Bacteroidia;o__Cytophagales;f__Spirosomaceae;g__Dyadobacter;
Bradyrhizobium	0	0	0	0	0	0	0	0	0	0	0	0	0	0	0	0	0	0	0	0	0.00106564364876385	0	0	0	0	0	0	0	0	0	0	0	0	0	k__Bacteria;p__Proteobacteria;c__Alphaproteobacteria;o__Rhizobiales;f__Xanthobacteraceae;g__Bradyrhizobium;
Williamsia	0	0	0	0	0	0	0	0	0	0	0	0	0	0	0	0	0	0	0	0	0.00106564364876385	0	0	0	0	0	0	0	0	0	0	0	0	0	k__Bacteria;p__Actinobacteria;c__Actinobacteria;o__Corynebacteriales;f__Nocardiaceae;g__Williamsia;
Skermanella	0	0	0	0	0	0	0	0	0	0	0	0	0	0	0	0	0	0	0	0	0.00106564364876385	0	0	0	0	0	0	0	0	0.000763358778625954	0	0	0	0	k__Bacteria;p__Proteobacteria;c__Alphaproteobacteria;o__Azospirillales;f__Azospirillaceae;g__Skermanella;
Christensenellaceae-R-7-group	0	0	0	0	0	0	0	0	0	0	0	0	0	0	0	0	0	0	0	0	0	0	0	0	0	0	0	0	0	0.00101781170483461	0	0	0	0	k__Bacteria;p__Firmicutes;c__Clostridia;o__Clostridiales;f__Christensenellaceae;g__Christensenellaceae-R-7-group;
Peptococcus	0	0	0	0	0	0	0	0	0	0	0	0	0	0	0	0	0	0	0.000721327242125511	0	0.000532821824381927	0	0	0	0	0.001015670342426	0	0	0	0.000508905852417303	0	0.000960307298335467	0	0	k__Bacteria;p__Firmicutes;c__Clostridia;o__Clostridiales;f__Peptococcaceae;g__Peptococcus;
Phreatobacter	0	0	0	0	0	0	0	0	0	0	0	0	0	0	0	0	0	0	0	0	0	0	0	0.00100897992129957	0	0	0	0	0	0	0	0	0	0	k__Bacteria;p__Proteobacteria;c__Alphaproteobacteria;o__Rhizobiales;f__Rhizobiales-Incertae-Sedis;g__Phreatobacter;
Lachnospiraceae-FCS020-group	0	0	0	0	0	0	0	0	0	0	0	0	0.000967351874244256	0	0	0	0	0	0	0	0	0	0	0	0	0	0	0	0.000508582326764145	0	0	0	0	0	k__Bacteria;p__Firmicutes;c__Clostridia;o__Clostridiales;f__Lachnospiraceae;g__Lachnospiraceae-FCS020-group;
Erysipelotrichaceae-UCG-006	0	0	0	0	0	0	0	0	0	0	0	0	0	0	0	0	0	0	0.000961769656167348	0	0	0	0	0	0	0	0	0	0	0	0	0	0	0	k__Bacteria;p__Firmicutes;c__Erysipelotrichia;o__Erysipelotrichales;f__Erysipelotrichaceae;g__Erysipelotrichaceae-UCG-006;
Reyranella	0	0	0	0	0	0	0	0	0	0	0	0	0	0	0	0	0	0	0	0	0	0	0	0	0	0	0	0	0	0	0	0.000960307298335467	0	0	k__Bacteria;p__Proteobacteria;c__Alphaproteobacteria;o__Reyranellales;f__Reyranellaceae;g__Reyranella;
Negativicoccus	0	0	0	0	0	0	0	0	0	0	0	0	0	0	0	0	0	0	0	0	0.000959079283887468	0.000240992890709724	0	0	0	0	0	0	0	0	0	0	0	0	k__Bacteria;p__Firmicutes;c__Negativicutes;o__Selenomonadales;f__Veillonellaceae;g__Negativicoccus;
metagenome	0	0	0	0	0	0	0	0	0	0	0	0	0	0	0	0	0	0	0	0	0	0	0	0	0	0	0	0	0	0	0	0	0.000932545850170967	0	k__Bacteria;p__Chloroflexi;c__KD4-96;o__metagenome;f__metagenome;g__metagenome;
Anaerobiospirillum	0	0	0	0	0	0	0	0	0	0	0	0	0	0	0	0	0	0	0	0	0.000852514919011083	0	0	0	0	0	0	0	0	0	0	0	0.000932545850170967	0	k__Bacteria;p__Proteobacteria;c__Gammaproteobacteria;o__Aeromonadales;f__Succinivibrionaceae;g__Anaerobiospirillum;
Desulfomicrobium	0	0	0	0	0	0	0	0	0	0	0	0	0	0	0	0	0	0	0	0	0	0	0	0	0	0	0	0	0	0	0	0	0.000932545850170967	0	k__Bacteria;p__Proteobacteria;c__Deltaproteobacteria;o__Desulfovibrionales;f__Desulfomicrobiaceae;g__Desulfomicrobium;
Rufibacter	0	0	0	0	0	0	0	0	0	0	0	0	0	0	0	0	0	0	0	0	0.000852514919011083	0	0	0	0	0	0	0	0	0	0	0	0	0	k__Bacteria;p__Bacteroidetes;c__Bacteroidia;o__Cytophagales;f__Hymenobacteraceae;g__Rufibacter;
Chishuiella	0	0	0	0	0	0	0	0	0	0	0	0	0	0	0	0	0	0	0	0	0.000852514919011083	0	0	0	0	0	0	0	0	0	0	0	0	0	k__Bacteria;p__Bacteroidetes;c__Bacteroidia;o__Flavobacteriales;f__Weeksellaceae;g__Chishuiella;
Family-XIII-AD3011-group	0	0	0	0	0	0	0	0	0	0	0	0	0	0.000770891150169596	0	0	0	0	0	0	0	0	0	0	0	0	0	0	0	0	0	0	0	0	k__Bacteria;p__Firmicutes;c__Clostridia;o__Clostridiales;f__Family-XIII;g__Family-XIII-AD3011-group;
Luteolibacter	0	0	0	0	0	0	0	0	0	0	0	0	0	0	0	0	0	0	0	0	0	0	0	0	0	0	0	0	0	0.000763358778625954	0	0	0	0	k__Bacteria;p__Verrucomicrobia;c__Verrucomicrobiae;o__Verrucomicrobiales;f__Rubritaleaceae;g__Luteolibacter;
Howardella	0	0	0	0	0	0	0	0	0	0	0	0	0	0.000462534690101758	0.000444115470022206	0	0	0	0	0	0	0.000240992890709724	0.000631153749053269	0	0	0	0	0	0.000762873490146217	0	0	0	0	0	k__Bacteria;p__Firmicutes;c__Clostridia;o__Clostridiales;f__Lachnospiraceae;g__Howardella;
Aeromonas	0	0	0	0	0	0	0	0	0	0	0	0	0	0	0	0	0	0	0	0	0.000745950554134697	0	0	0	0	0	0	0	0	0	0	0	0	0	k__Bacteria;p__Proteobacteria;c__Gammaproteobacteria;o__Aeromonadales;f__Aeromonadaceae;g__Aeromonas;
Catonella	0	0	0	0	0	0	0	0	0	0	0	0	0	0	0	0	0	0	0	0	0	0	0	0	0	0.000725478816018572	0	0	0	0	0	0	0	0	k__Bacteria;p__Firmicutes;c__Clostridia;o__Clostridiales;f__Lachnospiraceae;g__Catonella;
[Eubacterium]-saphenum-group	0	0	0	0	0	0	0	0	0	0	0	0	0	0	0	0	0	0	0.000721327242125511	0	0	0	0	0	0	0	0	0	0	0	0	0	0	0	k__Bacteria;p__Firmicutes;c__Clostridia;o__Clostridiales;f__Family-XIII;g__[Eubacterium]-saphenum-group;
Gracilibacteria-bacterium-oral-taxon-871	0	0	0	0	0	0	0	0	0	0	0	0	0	0	0	0	0	0	0.000721327242125511	0	0	0	0	0.000201795984259913	0	0	0	0	0	0	0.000662690523525514	0	0	0	k__Bacteria;p__Patescibacteria;c__Gracilibacteria;o__JGI-0000069-P22;f__Gracilibacteria-bacterium-oral-taxon-871;g__Gracilibacteria-bacterium-oral-taxon-871;
Holdemania	0	0	0	0	0	0	0	0	0	0	0	0.000685244403837369	0	0.000616712920135677	0.000592153960029608	0	0	0	0	0	0	0	0.000504922999242616	0	0	0	0	0	0	0	0	0	0	0	k__Bacteria;p__Firmicutes;c__Erysipelotrichia;o__Erysipelotrichales;f__Erysipelotrichaceae;g__Holdemania;
Desulfoplanes	0	0	0	0	0	0	0	0	0	0	0	0	0	0	0	0	0	0	0	0	0	0	0	0	0	0	0	0	0	0	0	0.000640204865556978	0	0	k__Bacteria;p__Proteobacteria;c__Deltaproteobacteria;o__Desulfovibrionales;f__Desulfomicrobiaceae;g__Desulfoplanes;
Legionella	0	0	0	0	0	0	0	0	0	0	0	0	0	0	0	0	0	0	0	0	0	0	0	0	0	0	0	0	0	0	0	0.000640204865556978	0	0	k__Bacteria;p__Proteobacteria;c__Gammaproteobacteria;o__Legionellales;f__Legionellaceae;g__Legionella;
Alcaligenes	0	0	0	0	0	0	0	0	0	0	0	0	0	0	0	0	0	0	0	0	0.000639386189258312	0	0	0	0	0	0	0	0	0	0	0	0	0	k__Bacteria;p__Proteobacteria;c__Gammaproteobacteria;o__Betaproteobacteriales;f__Burkholderiaceae;g__Alcaligenes;
Hydrogenispora	0	0	0	0	0	0	0	0	0	0	0	0	0	0	0	0	0	0	0	0	0	0	0	0	0	0	0	0	0	0	0	0	0.000621697233447311	0	k__Bacteria;p__Firmicutes;c__Clostridia;o__Clostridiales;f__Heliobacteriaceae;g__Hydrogenispora;
Tissierella	0	0	0	0	0	0	0	0	0	0	0	0	0	0	0	0	0	0	0	0	0	0	0	0	0	0	0	0	0	0	0	0	0.000621697233447311	0	k__Bacteria;p__Firmicutes;c__Clostridia;o__Clostridiales;f__Family-XI;g__Tissierella;
Gracilibacteria-bacterium-canine-oral-taxon-364	0	0	0	0	0	0	0	0	0	0	0	0	0	0	0	0	0	0	0	0	0	0	0	0	0	0	0	0	0	0	0	0	0.000621697233447311	0	k__Bacteria;p__Patescibacteria;c__Gracilibacteria;o__JGI-0000069-P22;f__Gracilibacteria-bacterium-canine-oral-taxon-364;g__Gracilibacteria-bacterium-canine-oral-taxon-364;
Coprobacter	0	0	0	0	0	0	0	0	0	0	0	0	0	0.000616712920135677	0	0	0	0	0	0	0	0	0	0	0	0	0	0	0	0	0	0	0	0	k__Bacteria;p__Bacteroidetes;c__Bacteroidia;o__Bacteroidales;f__Barnesiellaceae;g__Coprobacter;
Oxalobacter	0	0	0	0	0	0	0	0	0	0	0	0	0.00060459492140266	0	0	0	0	0	0	0	0	0	0	0	0	0	0	0	0	0	0	0	0	0	k__Bacteria;p__Proteobacteria;c__Gammaproteobacteria;o__Betaproteobacteriales;f__Burkholderiaceae;g__Oxalobacter;
Lacihabitans	0	0	0	0	0	0	0	0	0	0	0	0	0	0	0	0	0	0	0	0	0	0.00060248222677431	0	0	0	0	0	0	0	0	0	0	0	0	k__Bacteria;p__Bacteroidetes;c__Bacteroidia;o__Cytophagales;f__Spirosomaceae;g__Lacihabitans;
Tepidiphilus	0	0	0	0	0	0	0	0	0	0	0	0	0	0	0	0	0	0	0	0	0	0.00060248222677431	0	0	0	0	0	0	0	0	0	0	0	0	k__Bacteria;p__Proteobacteria;c__Gammaproteobacteria;o__Betaproteobacteriales;f__Hydrogenophilaceae;g__Tepidiphilus;
Proteocatella	0	0	0	0	0	0	0	0	0	0	0	0	0	0	0	0	0	0	0	0	0.000532821824381927	0	0	0	0	0	0	0	0	0	0	0	0	0	k__Bacteria;p__Firmicutes;c__Clostridia;o__Clostridiales;f__Peptostreptococcaceae;g__Proteocatella;
Ammoniibacillus	0	0	0	0	0	0	0	0	0	0	0	0	0	0	0	0	0	0	0	0	0.000532821824381927	0	0	0	0	0	0	0	0	0	0	0	0	0	k__Bacteria;p__Firmicutes;c__Bacilli;o__Bacillales;f__Paenibacillaceae;g__Ammoniibacillus;
Lysobacter	0	0	0	0	0	0	0	0	0	0	0	0	0	0	0	0	0	0	0	0	0.000532821824381927	0	0	0	0	0	0	0	0	0	0	0	0	0	k__Bacteria;p__Proteobacteria;c__Gammaproteobacteria;o__Xanthomonadales;f__Xanthomonadaceae;g__Lysobacter;
F0332	0	0	0	0	0	0	0	0	0	0	0	0	0	0	0	0	0	0	0	0	0	0	0	0.000504489960649783	0	0	0	0	0	0	0	0	0	0	k__Bacteria;p__Actinobacteria;c__Actinobacteria;o__Actinomycetales;f__Actinomycetaceae;g__F0332;
Family-XIII-UCG-001	0	0	0	0	0	0	0	0	0	0	0	0	0.000483675937122128	0	0	0	0	0	0	0	0	0	0	0.00030269397638987	0	0	0	0	0	0	0	0	0	0	k__Bacteria;p__Firmicutes;c__Clostridia;o__Clostridiales;f__Family-XIII;g__Family-XIII-UCG-001;
Candidatus-Nitrocosmicus	0	0	0	0	0	0	0	0	0	0	0	0	0	0	0	0	0	0	0	0	0	0.000481985781419448	0	0	0	0	0	0	0	0	0	0	0	0	k__Archaea;p__Thaumarchaeota;c__Nitrososphaeria;o__Nitrososphaerales;f__Nitrososphaeraceae;g__Candidatus-Nitrocosmicus;
Hathewaya	0	0	0	0	0	0	0	0	0	0	0	0	0	0	0	0	0	0	0	0	0	0.000481985781419448	0	0	0	0	0	0	0	0	0	0	0	0	k__Bacteria;p__Firmicutes;c__Clostridia;o__Clostridiales;f__Clostridiaceae-1;g__Hathewaya;
Sarcina	0	0	0	0	0	0	0	0	0	0	0	0	0	0	0	0	0	0	0	0	0	0.000481985781419448	0	0	0	0	0	0	0	0	0	0	0	0	k__Bacteria;p__Firmicutes;c__Clostridia;o__Clostridiales;f__Clostridiaceae-1;g__Sarcina;
Dermabacter	0	0	0	0	0	0	0	0	0	0	0	0	0	0	0	0	0	0	0.000480884828083674	0	0	0.000481985781419448	0	0	0	0	0	0	0	0	0	0	0	0	k__Bacteria;p__Actinobacteria;c__Actinobacteria;o__Micrococcales;f__Dermabacteraceae;g__Dermabacter;
Acidiphilium	0	0	0	0	0	0	0	0	0	0	0	0	0	0	0	0	0	0	0	0	0	0	0	0	0	0	0	0	0	0	0.000441793682350342	0	0	0	k__Bacteria;p__Proteobacteria;c__Alphaproteobacteria;o__Acetobacterales;f__Acetobacteraceae;g__Acidiphilium;
Truepera	0	0	0	0	0	0	0	0	0	0	0	0	0	0	0	0	0	0	0	0	0.000426257459505541	0	0	0	0	0	0	0	0	0	0	0	0	0	k__Bacteria;p__Deinococcus-Thermus;c__Deinococci;o__Deinococcales;f__Trueperaceae;g__Truepera;
Phocea	0.000424448217317487	0	0	0	0	0	0	0	0	0	0	0	0	0.000308356460067838	0	0	0	0	0	0	0	0	0	0	0	0	0	0	0	0	0	0	0	0	k__Bacteria;p__Firmicutes;c__Clostridia;o__Clostridiales;f__Ruminococcaceae;g__Phocea;
Turicibacter	0	0	0	0	0	0	0	0	0	0	0	0	0	0	0	0	0	0	0	0	0	0	0.000378692249431962	0	0	0	0	0	0	0	0	0	0	0	k__Bacteria;p__Firmicutes;c__Erysipelotrichia;o__Erysipelotrichales;f__Erysipelotrichaceae;g__Turicibacter;
Candidatus-Udaeobacter	0	0	0	0	0	0	0	0	0	0	0	0	0	0	0	0	0	0	0	0	0	0.000361489336064586	0	0	0	0	0	0	0	0	0	0	0	0	k__Bacteria;p__Verrucomicrobia;c__Verrucomicrobiae;o__Chthoniobacterales;f__Chthoniobacteraceae;g__Candidatus-Udaeobacter;
Rikenella	0	0	0	0	0	0	0	0	0	0	0	0	0	0	0	0	0	0	0	0	0	0.000361489336064586	0	0	0	0	0	0	0	0	0	0	0	0	k__Bacteria;p__Bacteroidetes;c__Bacteroidia;o__Bacteroidales;f__Rikenellaceae;g__Rikenella;
Helicobacter	0	0	0	0	0	0	0	0	0	0	0	0	0	0	0	0	0	0	0	0	0	0.000361489336064586	0	0	0	0	0	0	0	0	0	0	0	0	k__Bacteria;p__Epsilonbacteraeota;c__Campylobacteria;o__Campylobacterales;f__Helicobacteraceae;g__Helicobacter;
SH-PL14	0	0	0	0	0	0	0	0	0	0	0	0	0	0	0	0	0	0	0	0	0.000319693094629156	0	0	0	0	0	0	0	0	0	0	0	0	0	k__Bacteria;p__Planctomycetes;c__Planctomycetacia;o__Planctomycetales;f__Rubinisphaeraceae;g__SH-PL14;
Chthoniobacter	0	0	0	0	0	0	0	0	0	0	0	0	0	0	0	0	0	0	0	0	0.000319693094629156	0	0	0	0	0	0	0	0	0	0	0	0	0	k__Bacteria;p__Verrucomicrobia;c__Verrucomicrobiae;o__Chthoniobacterales;f__Chthoniobacteraceae;g__Chthoniobacter;
Rubrivirga	0	0	0	0	0	0	0	0	0	0	0	0	0	0	0	0	0	0	0	0	0.000319693094629156	0	0	0	0	0	0	0	0	0	0	0	0	0	k__Bacteria;p__Bacteroidetes;c__Rhodothermia;o__Rhodothermales;f__Rhodothermaceae;g__Rubrivirga;
S5-A14a	0	0	0	0	0	0	0	0	0	0	0	0	0	0	0	0	0	0	0	0	0.000319693094629156	0	0	0	0	0	0	0	0	0	0	0	0	0	k__Bacteria;p__Firmicutes;c__Clostridia;o__Clostridiales;f__Family-XIII;g__S5-A14a;
Peredibacter	0	0	0	0	0	0	0	0	0	0	0	0	0	0	0	0	0	0	0	0	0.000213128729752771	0	0	0	0	0	0	0	0	0	0	0	0	0	k__Bacteria;p__Proteobacteria;c__Deltaproteobacteria;o__Bdellovibrionales;f__Bacteriovoracaceae;g__Peredibacter;
Fusibacter	0	0	0	0	0	0	0	0	0	0	0	0	0	0	0	0	0	0	0	0	0.000213128729752771	0	0	0	0	0	0	0	0	0	0	0	0	0	k__Bacteria;p__Firmicutes;c__Clostridia;o__Clostridiales;f__Family-XII;g__Fusibacter;
Candidatus-Alysiosphaera	0	0	0	0	0	0	0	0	0	0	0	0	0	0	0	0	0	0	0	0	0.000213128729752771	0	0	0	0	0	0	0	0	0	0	0	0	0	k__Bacteria;p__Proteobacteria;c__Alphaproteobacteria;o__Tistrellales;f__Geminicoccaceae;g__Candidatus-Alysiosphaera;
unclassified	0.018392756083758	0.116625310173697	0.0537363560033585	0.0442561205273068	0.0720812182741115	0	0	0	1.11022302462516e-16	0	0.0361628709454798	0.0621288259479214	0.0926239419588875	0.14554424915202	0.090303478904515	0.0274479268055283	0.0155195681511472	0.0118755118755117	0.0221207020918486	0.0336200156372166	0.0500852514919006	0.0287986504398117	0.0541529916687704	0.14055090303703	0	0	1.11022302462516e-16	0.000284697508896925	0.0446280991735538	0.0938931297709926	0.0382151535233046	0.0230473751600507	0.0758470624805723	0.0141766630316247	unclassified
