Taxonomy	Sample1	Sample10	Sample11	Sample12	Sample13	Sample14	Sample15	Sample16	Sample17	Sample18	Sample19	Sample2	Sample20	Sample21	Sample22	Sample23	Sample24	Sample25	Sample26	Sample27	Sample28	Sample29	Sample3	Sample30	Sample31	Sample32	Sample33	Sample34	Sample4	Sample5	Sample6	Sample7	Sample8	Sample9	Tax_detail
Bacteroides	0.648132427843803	0	0.00503778337531486	0.012241054613936	0.0130784708249497	0.00516262261228704	0.00437876299945265	0	0.00234521575984991	0	0.643340234644582	0.521927820922796	0.559613059250302	0.469164353993216	0.460843819393042	0.00058399844267082	0.024798927613941	0.00572831423895254	0	0.611415168100078	0.00307008257463477	0.00769415724933878	0.610578136834133	0.000504489960649783	0.00550357732526142	0.00130586186883343	0.000830288940551312	0.00128113879003559	0.581309599491418	0.00328282828282828	0.00220409962530306	0.00976377952755906	0.0201526717557252	0.694656488549618	k__Bacteria;p__Bacteroidetes;c__Bacteroidia;o__Bacteroidales;f__Bacteroidaceae;g__Bacteroides;
Neisseria	0	0.0189612530915087	0.0184718723761545	0.0235404896421846	0.0221327967806841	0.00980898296334538	0.289545703338807	0.04266124936516	0.229362101313321	0.188849627012171	0	0	0	0	0	0.239634027642593	0.0315013404825737	0.0503273322422259	0.0543399855734552	0	0.0173618462841414	0.0402741043520077	0	0.0621531631520533	0.246560264171712	0.513493905977945	0.289106609099967	0.194590747330961	0.000635727908455181	0.0128787878787879	0.0235838659907428	0.00755905511811024	0.0152671755725191	0	k__Bacteria;p__Proteobacteria;c__Betaproteobacteria;o__Neisseriales;f__Neisseriaceae;g__Neisseria;
Pseudomonas	0	0.0206100577081616	0.0134340890008396	0.387947269303202	0.224346076458753	0	0	0	0	0	0	0	0	0	0	0	0.0294906166219839	0.127659574468085	0	0	0.024984120262545	0.0872805962971868	0	0.00191706185046918	0	0	0	0	0	0.0136363636363636	0.0160899272647124	0.50740157480315	0.043969465648855	0	k__Bacteria;p__Proteobacteria;c__Gammaproteobacteria;o__Pseudomonadales;f__Pseudomonadaceae;g__Pseudomonas;
Prevotella	0	0.00329760923330585	0.0134340890008396	0.012241054613936	0	0.129581827568405	0.0684181718664477	0.377856780091417	0.0806754221388368	0.189242245779348	0.00786749482401656	0	0	0	0	0.055090519758614	0.00804289544235925	0	0.10603510459245	0.00390930414386239	0.00984543722210459	0.00553017552296225	0	0.0351125012612249	0.0594386351128233	0.0439640162507255	0.0463301228827632	0.279430604982206	0.0108073744437381	0.00656565656565657	0.0288737050914701	0.0047244094488189	0.00610687022900763	0	k__Bacteria;p__Bacteroidetes;c__Bacteroidia;o__Bacteroidales;f__Prevotellaceae;g__Prevotella;
Corynebacterium	0	0.353668590272053	0.342569269521411	0.0536723163841808	0.0553319919517103	0	0	0	0.00187617260787992	0	0.000966183574879227	0	0	0	0	0.0068133151644929	0.103887399463807	0.141162029459902	0.0690069728300072	0	0.117510057167055	0.122144746333253	0	0.0951468065785491	0	0	0	0	0	0.292929292929293	0.317831165968702	0.0343307086614173	0.0516030534351145	0	k__Bacteria;p__Actinobacteria;c__Actinobacteria;o__Actinomycetales;f__Corynebacteriaceae;g__Corynebacterium;
Haemophilus	0.000707413695529145	0.0123660346248969	0.0167926112510495	0.0536723163841808	0	0.283427981414559	0.247947454844007	0.129507364144236	0.167448405253283	0.152728700431881	0	0	0.00060459492140266	0	0	0.23535137239634	0.0301608579088472	0.0392798690671031	0.0286126472709786	0	0.0130213847131061	0.0371483529694638	0	0.0682070426798507	0.303247110621904	0.137840975043529	0.214546662238459	0.103487544483986	0	0.0108585858585859	0.0209389464403791	0.0062992125984252	0.00641221374045802	0.0054525627044711	k__Bacteria;p__Proteobacteria;c__Gammaproteobacteria;o__Pasteurellales;f__Pasteurellaceae;g__Haemophilus;
Acinetobacter	0	0.294311624072547	0.0134340890008396	0.0112994350282486	0.0150905432595573	0	0	0	0	0	0	0	0	0	0	0.00506131983648044	0	0	0.000961769656167348	0	0.00963370738937116	0.00757393604231786	0	0.00100897992129957	0	0	0	0	0	0.228787878787879	0.0176327970024245	0.0122834645669291	0.0164885496183206	0	k__Bacteria;p__Proteobacteria;c__Gammaproteobacteria;o__Pseudomonadales;f__Moraxellaceae;g__Acinetobacter;
Streptococcus	0.00424448217317487	0.0461665292662819	0.168765743073048	0.0753295668549906	0.0392354124748491	0.228187919463087	0.220032840722496	0.126968004062976	0.224671669793621	0.120926580290538	0	0.000571037003197807	0.00145102781136638	0.000308356460067838	0	0.128284991240023	0.154155495978552	0.231587561374795	0.161096417408031	0.00234558248631744	0.0605547321617616	0.200048088482808	0	0.214307335284028	0.112823335167859	0.0609402205455601	0.120724011956161	0.0980782918149466	0	0.0974747474747475	0.206964954815958	0.0418897637795276	0.0491603053435115	0.00436205016357688	k__Bacteria;p__Firmicutes;c__Bacilli;o__Lactobacillales;f__Streptococcaceae;g__Streptococcus;
Fusobacterium	0.000424448217317487	0	0.0109151973131822	0.0131826741996234	0	0.0908621579762519	0.0240831964969896	0.0543423057389538	0.0952157598499062	0.202198665096192	0	0	0	0	0	0.123029005255986	0.00737265415549598	0.00900163666121113	0.119018994950709	0	0.0039170019055685	0.00733349362827603	0	0.0393502169306831	0.093010456796918	0.0906848520023215	0.152607107273331	0.0912455516014235	0.00394151303242212	0.00782828282828283	0.018734846815076	0	0.0033587786259542	0	k__Bacteria;p__Fusobacteria;c__Fusobacteriia;o__Fusobacteriales;f__Fusobacteriaceae;g__Fusobacterium;
Faecalibacterium	0.0183927560837578	0	0.00419815281276238	0.0131826741996234	0	0	0	0	0	0	0.0996549344375431	0.079945180447693	0.0629987908101572	0.0394696268886833	0.0871946706143597	0	0.0120643431635389	0.00409165302782324	0	0.143862392494136	0	0.00601106035104592	0.114365059328452	0	0	0	0	0	0.116211061665607	0	0.00154286973771214	0.00598425196850394	0.00366412213740458	0.0141766630316249	k__Bacteria;p__Firmicutes;c__Clostridia;o__Clostridiales;f__Ruminococcaceae;g__Faecalibacterium;
Veillonella	0	0.00659521846661171	0.0159529806884971	0.00659133709981168	0	0.0748580278781621	0.0552818828680898	0.142204164550533	0.0680112570356473	0.0577149587750294	0	0	0.000846432889963724	0	0	0.0578158458244111	0	0.0085924713584288	0.0269295503726857	0	0.00254075799280119	0.0102188025967781	0	0.0250227020482292	0.0539350577875619	0.0473012188044109	0.0453337761541016	0.0725978647686833	0	0.0095959595959596	0.0182940268900154	0	0.00519083969465649	0	k__Bacteria;p__Firmicutes;c__Clostridia;o__Clostridiales;f__Veillonellaceae;g__Veillonella;
Lachnospira	0.0172608941709111	0	0	0	0	0	0	0	0	0	0.00179434092477571	0.076290543627227	0.0353083434099154	0.0473327166204132	0.0965210954848261	0	0.00268096514745308	0	0	0	0	0	0.0568038374147942	0	0	0	0	0	0.0845518118245391	0	0	0	0	0.0229007633587786	k__Bacteria;p__Firmicutes;c__Clostridia;o__Clostridiales;f__Lachnospiraceae;g__Lachnospira;
Rothia	0	0.00741962077493817	0.0184718723761545	0.00470809792843691	0	0.0918946824987093	0.0383141762452107	0.0228542407313357	0.0384615384615385	0.0121711817824892	0	0	0	0	0	0.0346505742651353	0.00804289544235925	0.00900163666121113	0.00937725414763164	0	0.00508151598560237	0.0097379177686944	0	0.00847543133891636	0.0583379196477711	0.0156703424260012	0.0371969445366988	0.00540925266903915	0	0.00353535353535354	0.0123429579016972	0.00566929133858268	0.00213740458015267	0	k__Bacteria;p__Actinobacteria;c__Actinobacteria;o__Actinomycetales;f__Micrococcaceae;g__Rothia;
Akkermansia	0.0823429541595925	0	0	0	0	0	0	0	0	0	0	0.00365463682046597	0.000362756952841596	0.000925069380203515	0	0	0	0	0	0	0	0	0.00113607674829588	0	0	0	0	0	0.0256834075015893	0	0	0	0	0.0250817884405671	k__Bacteria;p__Verrucomicrobia;c__Verrucomicrobiae;o__Verrucomicrobiales;f__Verrucomicrobiaceae;g__Akkermansia;
[Prevotella]	0	0.00494641384995878	0.00587741393786734	0.0564971751412429	0.00905432595573441	0.00154878678368611	0	0.0218384966988319	0.00515947467166979	0.00157047506870828	0	0	0	0	0	0.00272532606579716	0.0046916890080429	0.00981996726677578	0.0283722048569368	0	0.00254075799280119	0.0108199086318827	0	0.0192715164968217	0	0.00217643644805572	0.00714048488874128	0.0812811387900356	0	0.00404040404040404	0.0231430460656822	0.00913385826771653	0.0122137404580153	0	k__Bacteria;p__Bacteroidetes;c__Bacteroidia;o__Bacteroidales;f__[Paraprevotellaceae];g__[Prevotella];
Psychrobacter	0	0	0	0	0.0784708249496982	0	0	0	0	0	0	0	0	0	0	0	0	0	0	0	0.00359940715646835	0	0	0	0	0	0	0	0	0	0.00484901917566674	0	0.0415267175572519	0	k__Bacteria;p__Proteobacteria;c__Gammaproteobacteria;o__Pseudomonadales;f__Moraxellaceae;g__Psychrobacter;
Phascolarctobacterium	0.0758347481607244	0	0	0	0	0	0	0	0	0	0.0335403726708075	0.0550479671082686	0.0172914147521161	0.0146469318532223	0.0127313101406366	0	0.00335120643431635	0.00122749590834697	0	0.0273651290070367	0.000635189498200296	0	0.01931330472103	0	0	0	0	0	0.0186904005085823	0	0	0	0	0.0730643402399128	k__Bacteria;p__Firmicutes;c__Clostridia;o__Clostridiales;f__Veillonellaceae;g__Phascolarctobacterium;
Parabacteroides	0	0	0	0	0	0	0	0	0	0	0.0157349896480331	0	0.0261185006045949	0.0755473327166204	0.028719467061436	0	0	0	0	0.0172009382329945	0	0	0	0	0	0	0	0	0	0	0	0	0	0	k__Bacteria;p__Bacteroidetes;c__Bacteroidia;o__Bacteroidales;f__Porphyromonadaceae;g__Parabacteroides;
Flectobacillus	0	0	0	0	0	0	0	0	0	0	0	0	0	0	0	0	0	0	0.00240442414041837	0	0	0	0	0.0550903037029563	0	0	0	0	0	0	0	0.00251968503937008	0.00244274809160305	0	k__Bacteria;p__Bacteroidetes;c__Cytophagia;o__Cytophagales;f__Cytophagaceae;g__Flectobacillus;
Peptoniphilus	0	0.0206100577081616	0.0201511335012594	0.00753295668549906	0	0	0	0	0	0	0.00138026224982747	0	0	0	0	0.000778664590227759	0.049597855227882	0.0249590834697218	0.00817504207742246	0	0.0549438915943256	0.00997836018273623	0	0.00807183937039653	0	0	0	0	0	0.0265151515151515	0.0103592682389244	0.00976377952755906	0.00396946564885496	0	k__Bacteria;p__Firmicutes;c__Clostridia;o__Clostridiales;f__[Tissierellaceae];g__Peptoniphilus;
Pedobacter	0	0.00164880461665293	0	0.0263653483992467	0.0100603621730382	0	0	0	0	0	0	0	0	0	0	0	0.00603217158176944	0.00695581014729951	0	0	0.00571670548380267	0.00444818465977398	0	0	0	0	0	0	0	0	0.00154286973771214	0.0538582677165354	0.0143511450381679	0	k__Bacteria;p__Bacteroidetes;c__Sphingobacteriia;o__Sphingobacteriales;f__Sphingobacteriaceae;g__Pedobacter;
Roseburia	0.0189586870401811	0	0	0	0	0	0	0	0	0	0.0265010351966874	0.0145043398812243	0.0492140266021765	0.0326857847671909	0.0472242783123612	0	0	0	0	0.0242376856919468	0	0	0.0401413784397879	0	0	0	0	0	0.0321678321678322	0	0	0	0	0.0141766630316249	k__Bacteria;p__Firmicutes;c__Clostridia;o__Clostridiales;f__Lachnospiraceae;g__Roseburia;
Anaerococcus	0	0.0387469084913438	0.0486985726280437	0.0131826741996234	0.0100603621730382	0	0	0	0	0	0	0	0	0	0	0.00136266303289858	0.0348525469168901	0.0474631751227496	0.0120221207020918	0	0.0448867245394876	0.0366674681413801	0	0.0135203309454142	0	0	0	0	0	0.0351010101010101	0.0379105135552127	0.0132283464566929	0.00916030534351145	0	k__Bacteria;p__Firmicutes;c__Clostridia;o__Clostridiales;f__[Tissierellaceae];g__Anaerococcus;
Alistipes	0	0	0	0	0	0	0	0	0	0	0.0173913043478261	0.000685244403837369	0.0339782345828295	0.0454825778600062	0.027979274611399	0	0	0	0	0.0242376856919468	0	0	0.000631153749053269	0	0	0	0	0	0.000508582326764145	0	0	0	0	0	k__Bacteria;p__Bacteroidetes;c__Bacteroidia;o__Bacteroidales;f__Rikenellaceae;g__Alistipes;
Streptobacillus	0	0.00741962077493817	0.00419815281276238	0.00847457627118644	0.0150905432595573	0	0	0	0	0	0	0	0	0	0	0	0.0167560321715818	0.00368248772504092	0	0	0.0454160491213212	0.00168309689829286	0	0.000403591968519826	0	0	0	0	0	0.0297979797979798	0.0110204981265153	0.0176377952755906	0.0152671755725191	0	k__Bacteria;p__Fusobacteria;c__Fusobacteriia;o__Fusobacteriales;f__Leptotrichiaceae;g__Streptobacillus;
Lactococcus	0	0	0.0285474391267842	0	0.00704225352112676	0	0	0	0	0	0	0	0	0	0	0	0.0449061662198391	0.0110474631751228	0	0	0.024243065847978	0.0119018994950709	0	0.00030269397638987	0	0	0	0	0	0.00252525252525253	0.0295349349790611	0	0.0067175572519084	0	k__Bacteria;p__Firmicutes;c__Bacilli;o__Lactobacillales;f__Streptococcaceae;g__Lactococcus;
Oscillospira	0.0128749292586304	0	0	0	0	0	0	0	0	0	0.0393374741200828	0.0155322064869804	0.0252720677146312	0.0407030527289547	0.029459659511473	0	0.00134048257372654	0	0	0.0437842064112588	0	0	0.0132542287301187	0	0	0	0	0	0.010680228862047	0.00252525252525253	0	0	0	0.00981461286804798	k__Bacteria;p__Firmicutes;c__Clostridia;o__Clostridiales;f__Ruminococcaceae;g__Oscillospira;
Finegoldia	0	0.0140148392415499	0.0134340890008396	0	0	0	0	0	0	0	0.00151828847481021	0	0	0	0	0.00214132762312634	0.0288203753351206	0.0180032733224223	0.0105794662178408	0	0.0426635612957866	0.0121423419091128	0	0.00998890122086571	0	0	0	0	0	0.0181818181818182	0.00573065902578797	0.00440944881889764	0.00488549618320611	0	k__Bacteria;p__Firmicutes;c__Clostridia;o__Clostridiales;f__[Tissierellaceae];g__Finegoldia;
Janthinobacterium	0	0	0	0	0.0422535211267606	0	0	0	0	0	0	0	0	0	0	0	0.0180965147453083	0	0	0	0.0102688968875715	0.00180331810531378	0	0	0	0	0	0	0	0	0	0	0.00946564885496183	0	k__Bacteria;p__Proteobacteria;c__Betaproteobacteria;o__Burkholderiales;f__Oxalobacteraceae;g__Janthinobacterium;
Lautropia	0	0	0	0	0.00603621730382294	0	0	0	0.00281425891181989	0	0	0	0	0	0	0	0	0.00654664484451719	0.041356095215196	0	0.00190556849460089	0.0051695119018995	0	0.0190697205125618	0	0.00319210679048172	0.000830288940551312	0.000427046263345196	0	0.00353535353535354	0	0	0.0116030534351145	0	k__Bacteria;p__Proteobacteria;c__Betaproteobacteria;o__Burkholderiales;f__Burkholderiaceae;g__Lautropia;
Moraxella	0	0	0	0.00659133709981168	0.0382293762575453	0	0	0	0	0	0	0	0	0	0	0	0	0	0	0	0.00338767732373491	0.0032459725895648	0	0	0	0	0	0	0	0.00277777777777778	0	0.00755905511811024	0.0326717557251908	0	k__Bacteria;p__Proteobacteria;c__Gammaproteobacteria;o__Pseudomonadales;f__Moraxellaceae;g__Moraxella;
Paraprevotella	0.0166949632144878	0	0	0	0	0	0	0	0	0	0	0.0341480127912289	0	0	0	0	0	0	0	0	0	0	0.00971976773542035	0	0	0	0	0	0.00483153210425938	0	0	0	0	0.0185387131952017	k__Bacteria;p__Bacteroidetes;c__Bacteroidia;o__Bacteroidales;f__[Paraprevotellaceae];g__Paraprevotella;
Blautia	0.0100452744765139	0	0	0	0	0	0	0	0	0	0.0104899930986888	0.0331201461854728	0.00870616686819831	0.00493370336108541	0.00458919319022946	0	0.00603217158176944	0	0	0.017982799061767	0.00296421765826805	0.00444818465977398	0.0183034587225448	0	0	0	0	0	0.0191989828353465	0.00202020202020202	0	0	0.00580152671755725	0	k__Bacteria;p__Firmicutes;c__Clostridia;o__Clostridiales;f__Lachnospiraceae;g__Blautia;
Chryseobacterium	0	0	0	0	0.0311871227364185	0	0	0	0	0	0	0	0	0	0	0	0.0107238605898123	0	0	0	0.00285835274190133	0	0	0	0	0	0	0	0	0	0	0.00440944881889764	0.0180152671755725	0	k__Bacteria;p__Bacteroidetes;c__Flavobacteriia;o__Flavobacteriales;f__[Weeksellaceae];g__Chryseobacterium;
Leptotrichia	0	0.00164880461665293	0	0	0.00201207243460765	0.00413009808982963	0.00273672687465791	0.00406297613001524	0.0075046904315197	0.00981546917942678	0	0	0	0	0	0.00759197975472065	0	0	0.0281317624428949	0	0	0.00240442414041837	0	0.0108969831500353	0.00385250412768299	0.00754497968659315	0.0121222185320492	0.0120996441281139	0	0.00126262626262626	0.00396737932554551	0	0	0	k__Bacteria;p__Fusobacteria;c__Fusobacteriia;o__Fusobacteriales;f__Leptotrichiaceae;g__Leptotrichia;
Aquincola	0	0	0	0	0	0	0	0	0	0	0.00151828847481021	0	0	0	0	0.0274479268055285	0	0	0	0.00469116497263487	0	0	0	0	0	0	0	0	0	0	0	0	0	0	k__Bacteria;p__Proteobacteria;c__Betaproteobacteria;o__Burkholderiales;f__Comamonadaceae;g__Aquincola;
Xanthomonas	0	0	0	0	0.0271629778672032	0	0	0	0	0	0	0	0	0	0	0	0	0	0	0	0	0	0	0	0	0	0	0	0	0	0	0	0.0204580152671756	0	k__Bacteria;p__Proteobacteria;c__Gammaproteobacteria;o__Xanthomonadales;f__Xanthomonadaceae;g__Xanthomonas;
Lactobacillus	0	0	0.0117548278757347	0	0.00603621730382294	0	0	0	0	0	0	0	0	0	0	0	0.00670241286863271	0.0188216039279869	0	0	0.00317594749100148	0.026568886751623	0	0.000504489960649783	0	0	0	0	0	0.00353535353535354	0.00991844831386379	0.00346456692913386	0.00610687022900763	0	k__Bacteria;p__Firmicutes;c__Bacilli;o__Lactobacillales;f__Lactobacillaceae;g__Lactobacillus;
Coprococcus	0.00523486134691568	0	0	0	0	0	0	0	0	0	0.00193236714975845	0.0259250799451804	0.0134220072551391	0.00354609929078014	0	0	0	0	0	0	0	0	0.00795253723807119	0	0	0	0	0	0.0130959949141767	0	0	0	0	0.00872410032715376	k__Bacteria;p__Firmicutes;c__Clostridia;o__Clostridiales;f__Lachnospiraceae;g__Coprococcus;
Ruminococcus	0.00155631013016412	0	0	0	0	0	0	0	0	0	0.0020703933747412	0.0206715395157606	0.0097944377267231	0.0259019426456984	0.0248704663212435	0	0.00335120643431635	0	0	0	0	0	0	0	0	0	0	0	0.00305149396058487	0.000505050505050505	0	0	0	0	k__Bacteria;p__Firmicutes;c__Clostridia;o__Clostridiales;f__Ruminococcaceae;g__Ruminococcus;
Alloiococcus	0	0	0	0	0	0	0	0	0	0	0	0	0	0	0	0	0.00201072386058981	0.0253682487725041	0	0	0.00190556849460089	0.00540995431594133	0	0	0	0	0	0	0	0	0	0	0	0	k__Bacteria;p__Firmicutes;c__Bacilli;o__Lactobacillales;f__Aerococcaceae;g__Alloiococcus;
Enhydrobacter	0	0.0239076669414674	0.00671704450041982	0	0.00603621730382294	0	0	0	0	0	0	0	0	0	0	0.000778664590227759	0	0	0.00120221207020918	0	0	0.00276508776148113	0	0	0	0	0	0	0	0.0214646464646465	0.00374696936301521	0.00251968503937008	0.00610687022900763	0	k__Bacteria;p__Proteobacteria;c__Gammaproteobacteria;o__Pseudomonadales;f__Moraxellaceae;g__Enhydrobacter;
Flavobacterium	0	0	0	0.00659133709981168	0.0150905432595573	0	0	0	0	0	0	0	0	0	0	0	0.0046916890080429	0	0	0	0.00497565106923566	0.0019235393123347	0	0	0	0	0	0	0	0	0	0.022992125984252	0.0109923664122137	0	k__Bacteria;p__Bacteroidetes;c__Flavobacteriia;o__Flavobacteriales;f__Flavobacteriaceae;g__Flavobacterium;
Selenomonas	0	0	0	0	0	0	0	0	0	0	0	0	0	0	0	0	0	0	0.0223611445058908	0	0	0	0	0.00645747149631722	0	0.00130586186883343	0	0	0	0	0	0	0	0	k__Bacteria;p__Firmicutes;c__Clostridia;o__Clostridiales;f__Veillonellaceae;g__Selenomonas;
Enterococcus	0	0	0	0	0.0221327967806841	0	0	0	0	0	0	0	0	0	0	0	0	0	0	0	0	0	0	0	0	0	0	0	0	0	0	0	0.00946564885496183	0	k__Bacteria;p__Firmicutes;c__Bacilli;o__Lactobacillales;f__Enterococcaceae;g__Enterococcus;
Propionibacterium	0	0.00577081615828524	0.00923593618807725	0.00188323917137476	0	0	0	0	0	0	0	0	0	0	0	0	0.0207774798927614	0.00736497545008183	0.00841548449146429	0	0.0112216811348719	0.0104592450108199	0	0.00252244980324892	0	0	0	0	0	0.00176767676767677	0.0068327088384395	0.00094488188976378	0.00213740458015267	0	k__Bacteria;p__Actinobacteria;c__Actinobacteria;o__Actinomycetales;f__Propionibacteriaceae;g__Propionibacterium;
Desulfovibrio	0.00947934352009055	0	0	0	0	0	0	0	0	0	0.00552104899930987	0.00399725902238465	0.00253929866989117	0.00416281221091582	0.00355292376017765	0	0	0	0	0.00703674745895231	0	0	0.00366069174450896	0	0	0	0	0	0.0100445009535919	0	0	0	0	0.019629225736096	k__Bacteria;p__Proteobacteria;c__Deltaproteobacteria;o__Desulfovibrionales;f__Desulfovibrionaceae;g__Desulfovibrio;
Capnocytophaga	0	0	0	0.00282485875706215	0	0	0	0	0.00140712945590994	0	0	0	0	0	0	0.00175199532801246	0	0	0.019235393123347	0	0	0.00492906948785766	0	0.00867722732317627	0	0	0.00066423115244105	0.00142348754448399	0	0	0.00286532951289398	0.00125984251968504	0.0067175572519084	0	k__Bacteria;p__Bacteroidetes;c__Flavobacteriia;o__Flavobacteriales;f__Flavobacteriaceae;g__Capnocytophaga;
Porphyromonas	0	0	0.00419815281276238	0	0.0150905432595573	0	0.00218938149972633	0	0	0.00196309383588536	0.000966183574879227	0	0	0	0	0.00525598598403738	0.00268096514745308	0.00409165302782324	0.00673238759317143	0	0.008575058225704	0.00336619379658572	0	0.00655836948844718	0.00825536598789213	0.00478816018572258	0.0053138492195284	0.00512455516014235	0.00241576605212969	0.00151515151515152	0.00198368966277276	0.00818897637795276	0.0189312977099237	0	k__Bacteria;p__Bacteroidetes;c__Bacteroidia;o__Bacteroidales;f__Porphyromonadaceae;g__Porphyromonas;
Campylobacter	0	0	0	0	0	0.00516262261228704	0.00437876299945265	0.01066531234129	0.0178236397748593	0.00706713780918728	0	0	0	0	0	0.00661864901693596	0.00335120643431635	0.00327332242225859	0.0163500841548449	0	0.00243489307643447	0.00108199086318827	0	0.00343053173241852	0.00385250412768299	0.0105919907138712	0.00514779143141813	0.0152313167259786	0	0.00101010101010101	0.000881639850121226	0	0.00183206106870229	0	k__Bacteria;p__Proteobacteria;c__Epsilonproteobacteria;o__Campylobacterales;f__Campylobacteraceae;g__Campylobacter;
Clostridium	0.0175438596491228	0	0	0	0	0	0	0	0	0	0.0110420979986197	0.0110781178620375	0.00931076178960097	0.00138760407030527	0.00133234641006662	0	0.00201072386058981	0	0.00168309689829286	0.0109460516028147	0.00232902816006775	0.000240442414041837	0.0177985357233022	0	0	0	0	0	0.00775588048315321	0.00303030303030303	0.00176327970024245	0.00094488188976378	0.000610687022900763	0.0174482006543075	k__Bacteria;p__Firmicutes;c__Clostridia;o__Clostridiales;f__Lachnospiraceae;g__Clostridium;
Brevundimonas	0	0	0.00503778337531486	0	0	0	0	0	0	0	0	0	0	0	0	0	0	0	0	0	0.0177853059496083	0.0032459725895648	0	0	0	0	0	0	0	0.00782828282828283	0.00418778928807582	0.00283464566929134	0.00702290076335878	0	k__Bacteria;p__Proteobacteria;c__Alphaproteobacteria;o__Caulobacterales;f__Caulobacteraceae;g__Brevundimonas;
Conchiformibius	0	0	0	0	0	0	0	0	0	0	0	0	0	0	0	0	0	0	0	0	0.00317594749100148	0	0	0	0	0	0	0	0	0	0	0.00566929133858268	0.0177099236641221	0	k__Bacteria;p__Proteobacteria;c__Betaproteobacteria;o__Neisseriales;f__Neisseriaceae;g__Conchiformibius;
Sphingomonas	0	0	0.00587741393786734	0.00941619585687382	0	0	0	0	0	0	0	0	0	0	0	0	0.0134048257372654	0.00286415711947627	0	0	0.0155621427059073	0.00408752103871123	0	0	0	0	0	0	0	0.00631313131313131	0.00617147895084858	0.0062992125984252	0.0174045801526718	0	k__Bacteria;p__Proteobacteria;c__Alphaproteobacteria;o__Sphingomonadales;f__Sphingomonadaceae;g__Sphingomonas;
Oribacterium	0	0	0	0	0	0.0113577697470315	0.00547345374931582	0.00761808024377857	0.0117260787992495	0.00706713780918728	0	0	0	0	0	0.0118746350009733	0	0	0.00601106035104592	0	0	0	0	0.00353142972454848	0.00935608145294441	0.0171213000580383	0.010129525074726	0.00427046263345196	0	0	0	0	0	0	k__Bacteria;p__Firmicutes;c__Clostridia;o__Clostridiales;f__Lachnospiraceae;g__Oribacterium;
Granulicatella	0	0	0	0.0169491525423729	0	0	0	0	0	0	0	0	0	0	0	0	0	0.00368248772504092	0	0	0.00105864916366716	0.00480884828083674	0	0.00353142972454848	0	0	0	0	0	0	0	0	0	0	k__Bacteria;p__Firmicutes;c__Bacilli;o__Lactobacillales;f__Carnobacteriaceae;g__Granulicatella;
Megamonas	0	0	0	0.0169491525423729	0	0	0	0	0	0	0	0	0	0	0	0	0	0.00450081833060556	0	0	0.000952784247300445	0.00937725414763164	0	0	0	0	0	0	0	0	0	0.00598425196850394	0.00366412213740458	0	k__Bacteria;p__Firmicutes;c__Clostridia;o__Clostridiales;f__Veillonellaceae;g__Megamonas;
Aggregatibacter	0	0	0	0	0	0	0.00711548987411056	0	0	0	0	0	0	0	0	0	0	0.00818330605564648	0.0151478720846357	0	0.00201143341096761	0.00360663621062755	0	0.0083745333467864	0	0	0	0	0	0	0	0	0	0	k__Bacteria;p__Proteobacteria;c__Gammaproteobacteria;o__Pasteurellales;f__Pasteurellaceae;g__Aggregatibacter;
Parvimonas	0	0	0	0	0	0.00103252452245741	0	0	0.000938086303939962	0.00510404397330192	0	0	0	0	0	0	0.0046916890080429	0.00204582651391162	0.0139456600144265	0	0.0039170019055685	0.00120221207020918	0	0.00565028755927757	0	0.000290191526407429	0.00066423115244105	0.00099644128113879	0	0.00303030303030303	0.00198368966277276	0.00094488188976378	0.00244274809160305	0	k__Bacteria;p__Firmicutes;c__Clostridia;o__Clostridiales;f__[Tissierellaceae];g__Parvimonas;
Actinomyces	0	0	0	0	0	0.0103252452245741	0	0.0137125444388014	0.00984990619136961	0.00510404397330192	0	0	0	0	0	0.00525598598403738	0	0	0.00168309689829286	0	0.00105864916366716	0.00156287569127194	0	0.0030269397638987	0	0.0133488102147417	0.00564596479574892	0.00199288256227758	0	0	0	0	0	0	k__Bacteria;p__Actinobacteria;c__Actinobacteria;o__Actinomycetales;f__Actinomycetaceae;g__Actinomyces;
Gemmiger	0	0	0	0	0	0	0	0	0	0	0	0	0.0134220072551391	0.00955905026210299	0.00829015544041451	0	0	0	0	0	0	0	0	0	0	0	0	0	0	0	0	0	0	0	k__Bacteria;p__Firmicutes;c__Clostridia;o__Clostridiales;f__Ruminococcaceae;g__Gemmiger;
Bacillus	0	0	0	0	0	0	0	0	0	0	0	0	0	0	0	0	0	0	0	0	0	0.00468862707381582	0	0	0	0	0	0	0	0	0	0	0.012824427480916	0	k__Bacteria;p__Firmicutes;c__Bacilli;o__Bacillales;f__Bacillaceae;g__Bacillus;
Treponema	0	0	0	0	0	0	0	0	0	0	0	0	0	0	0	0	0	0	0.0127434479442174	0	0.000317594749100148	0	0	0.002320653818989	0	0	0	0	0	0	0	0	0	0	k__Bacteria;p__Spirochaetes;c__Spirochaetes;o__Spirochaetales;f__Spirochaetaceae;g__Treponema;
Acidovorax	0	0.0090684253915911	0	0.012241054613936	0	0	0	0	0	0	0	0	0	0	0	0	0	0	0	0	0	0	0	0	0	0	0	0	0	0.00757575757575758	0	0	0	0	k__Bacteria;p__Proteobacteria;c__Betaproteobacteria;o__Burkholderiales;f__Comamonadaceae;g__Acidovorax;
Vibrio	0	0	0	0.0112994350282486	0	0	0	0	0	0	0	0	0	0	0	0	0	0	0	0	0	0	0	0	0	0	0	0	0	0	0	0.00220472440944882	0	0	k__Bacteria;p__Proteobacteria;c__Gammaproteobacteria;o__Vibrionales;f__Vibrionaceae;g__Vibrio;
Paludibacter	0	0	0	0	0	0	0	0	0	0	0	0	0	0	0	0	0	0	0.0105794662178408	0	0	0	0	0.00272424578750883	0	0	0	0	0	0.00227272727272727	0.00242450958783337	0	0	0	k__Bacteria;p__Bacteroidetes;c__Bacteroidia;o__Bacteroidales;f__Porphyromonadaceae;g__Paludibacter;
Massilia	0	0	0	0.00941619585687382	0	0	0	0	0	0	0	0	0	0	0	0	0	0	0	0	0.00582257040016938	0.00336619379658572	0	0	0	0	0	0	0	0.00151515151515152	0.00396737932554552	0	0.0100763358778626	0	k__Bacteria;p__Proteobacteria;c__Betaproteobacteria;o__Burkholderiales;f__Oxalobacteraceae;g__Massilia;
Oligella	0	0	0.0100755667506297	0	0	0	0	0	0	0	0	0	0	0	0	0	0	0	0	0	0	0	0	0	0	0	0	0	0	0.00151515151515152	0.00110204981265153	0.00094488188976378	0	0	k__Bacteria;p__Proteobacteria;c__Betaproteobacteria;o__Burkholderiales;f__Alcaligenaceae;g__Oligella;
Paracoccus	0	0	0	0	0	0	0	0	0	0	0	0	0	0	0	0	0.0100536193029491	0	0	0	0.00677535464746983	0.00264486655446021	0	0	0	0	0	0	0	0.0053030303030303	0.00264491955036368	0	0.00580152671755725	0	k__Bacteria;p__Proteobacteria;c__Alphaproteobacteria;o__Rhodobacterales;f__Rhodobacteraceae;g__Paracoccus;
Sphingobacterium	0	0	0	0	0	0	0	0	0	0	0	0	0	0	0	0	0	0	0	0	0	0	0	0	0	0	0	0	0	0	0	0.00976377952755906	0	0	k__Bacteria;p__Bacteroidetes;c__Sphingobacteriia;o__Sphingobacteriales;f__Sphingobacteriaceae;g__Sphingobacterium;
Flavisolibacter	0	0	0	0	0	0	0	0	0	0	0	0	0	0	0	0	0	0	0	0	0.0026466229091679	0.00156287569127194	0	0	0	0	0	0	0	0	0	0.00440944881889764	0.00946564885496183	0	k__Bacteria;p__Bacteroidetes;c__[Saprospirae];o__[Saprospirales];f__Chitinophagaceae;g__Flavisolibacter;
Pelomonas	0	0	0	0	0	0	0	0	0	0	0	0	0	0	0	0	0	0	0	0	0	0	0	0	0	0	0	0	0	0	0	0.0094488188976378	0	0	k__Bacteria;p__Proteobacteria;c__Betaproteobacteria;o__Burkholderiales;f__Comamonadaceae;g__Pelomonas;
Cardiobacterium	0	0	0	0	0	0	0	0	0	0	0	0	0	0	0	0	0	0	0.00937725414763164	0	0	0.000961769656167348	0	0.00332963374028857	0	0	0	0	0	0	0	0	0	0	k__Bacteria;p__Proteobacteria;c__Gammaproteobacteria;o__Cardiobacteriales;f__Cardiobacteriaceae;g__Cardiobacterium;
Erythromicrobium	0	0	0	0	0	0	0	0	0	0	0	0	0	0	0	0	0	0	0	0	0	0	0	0.00918171728382605	0	0	0	0	0	0	0	0	0	0	k__Bacteria;p__Proteobacteria;c__Alphaproteobacteria;o__Sphingomonadales;f__Erythrobacteraceae;g__Erythromicrobium;
Arthrobacter	0	0	0	0	0	0	0	0	0	0	0	0	0	0	0	0	0	0	0	0	0.00465805632013551	0.00228420293339745	0	0	0	0	0	0	0	0	0	0	0.00916030534351145	0	k__Bacteria;p__Actinobacteria;c__Actinobacteria;o__Actinomycetales;f__Micrococcaceae;g__Arthrobacter;
TG5	0	0	0	0	0	0	0	0	0	0	0	0	0	0	0	0	0	0	0.00913681173358981	0	0	0	0	0.00272424578750883	0	0	0	0	0	0	0	0	0	0	k__Bacteria;p__Synergistetes;c__Synergistia;o__Synergistales;f__Dethiosulfovibrionaceae;g__TG5;
Caulobacter	0	0	0	0	0.00905432595573441	0	0	0	0	0	0	0	0	0	0	0	0.00335120643431635	0	0	0	0	0	0	0	0	0	0	0	0	0	0	0	0	0	k__Bacteria;p__Proteobacteria;c__Alphaproteobacteria;o__Caulobacterales;f__Caulobacteraceae;g__Caulobacter;
[Ruminococcus]	0.00198075834748161	0	0	0	0	0	0	0	0	0	0.00869565217391304	0	0	0	0.00222057735011103	0	0	0	0	0	0	0	0	0	0	0	0	0	0.000635727908455181	0	0	0	0	0	k__Bacteria;p__Firmicutes;c__Clostridia;o__Clostridiales;f__Lachnospiraceae;g__[Ruminococcus];
Lysobacter	0	0	0	0	0	0	0	0	0	0	0	0	0	0	0	0	0	0	0	0	0	0	0	0	0	0	0	0	0	0	0	0	0.00854961832061069	0	k__Bacteria;p__Proteobacteria;c__Gammaproteobacteria;o__Xanthomonadales;f__Xanthomonadaceae;g__Lysobacter;
Rhizobium	0	0	0	0	0	0	0	0	0	0	0	0	0	0	0	0	0	0	0	0	0	0	0	0	0	0	0	0	0	0	0	0.00850393700787402	0	0	k__Bacteria;p__Proteobacteria;c__Alphaproteobacteria;o__Rhizobiales;f__Rhizobiaceae;g__Rhizobium;
Oceanisphaera	0	0	0	0	0.00804828973843058	0	0	0	0	0	0	0	0	0	0	0	0	0	0	0	0	0	0	0	0	0	0	0	0	0	0	0	0.00396946564885496	0	k__Bacteria;p__Proteobacteria;c__Gammaproteobacteria;o__Aeromonadales;f__Aeromonadaceae;g__Oceanisphaera;
Nocardioides	0	0	0	0	0.00804828973843058	0	0	0	0	0	0	0	0	0	0	0	0	0	0	0	0.00222316324370104	0.00204376051935561	0	0	0	0	0	0	0	0	0	0	0	0	k__Bacteria;p__Actinobacteria;c__Actinobacteria;o__Actinomycetales;f__Nocardioidaceae;g__Nocardioides;
Moryella	0	0	0	0	0	0	0.00383141762452107	0.00304723209751143	0.00797373358348968	0.00314095013741657	0	0	0	0	0	0.000778664590227759	0	0	0.00168309689829286	0	0	0	0	0	0	0.002031340684852	0	0.00142348754448399	0	0	0	0	0	0	k__Bacteria;p__Firmicutes;c__Clostridia;o__Clostridiales;f__Lachnospiraceae;g__Moryella;
ph2	0	0	0	0	0	0	0	0	0	0	0	0	0	0	0	0	0.00737265415549598	0	0.00120221207020918	0	0.00793986872750371	0.000961769656167348	0	0.000807183937039653	0	0	0	0	0	0	0	0	0	0	k__Bacteria;p__Firmicutes;c__Clostridia;o__Clostridiales;f__[Tissierellaceae];g__ph2;
Dialister	0	0	0	0	0	0	0	0	0	0	0.00151828847481021	0	0	0	0	0	0	0	0.00793459966338062	0	0.00296421765826805	0.000240442414041837	0	0.00322873574815861	0	0	0	0	0.00127145581691036	0	0	0	0	0	k__Bacteria;p__Firmicutes;c__Clostridia;o__Clostridiales;f__Veillonellaceae;g__Dialister;
Clostridium	0	0	0.00251889168765743	0.00564971751412429	0.00503018108651911	0	0	0	0	0	0	0.00102786660575605	0.00241837968561064	0.000925069380203515	0.00222057735011103	0	0.00134048257372654	0	0	0	0.00381113698920178	0.00264486655446021	0.00214592274678112	0	0	0	0	0	0.00470438652256834	0	0.00264491955036368	0.00755905511811024	0.00641221374045802	0	k__Bacteria;p__Firmicutes;c__Clostridia;o__Clostridiales;f__Clostridiaceae;g__Clostridium;
Bergeyella	0	0	0	0	0	0	0	0	0	0	0	0	0	0	0	0	0	0	0	0	0	0	0	0	0	0	0	0	0	0	0	0	0.00732824427480916	0	k__Bacteria;p__Bacteroidetes;c__Flavobacteriia;o__Flavobacteriales;f__[Weeksellaceae];g__Bergeyella;
Bilophila	0	0	0	0	0	0	0	0	0	0	0.00717736369910283	0	0.00120918984280532	0.0040086339808819	0.00222057735011103	0	0	0	0	0.00703674745895231	0	0	0	0	0	0	0	0	0	0	0	0	0	0	k__Bacteria;p__Proteobacteria;c__Deltaproteobacteria;o__Desulfovibrionales;f__Desulfovibrionaceae;g__Bilophila;
Blastococcus	0	0	0	0	0	0	0	0	0	0	0	0	0	0	0	0	0.00402144772117962	0	0	0	0.00148210882913402	0	0	0	0	0	0	0	0	0	0	0	0.0067175572519084	0	k__Bacteria;p__Actinobacteria;c__Actinobacteria;o__Actinomycetales;f__Geodermatophilaceae;g__Blastococcus;
Rhodococcus	0	0	0	0.00659133709981168	0	0	0	0	0	0	0	0	0	0	0	0	0	0	0	0	0.00243489307643447	0.000841548449146429	0	0	0	0	0	0	0	0.00252525252525253	0	0	0.00488549618320611	0	k__Bacteria;p__Actinobacteria;c__Actinobacteria;o__Actinomycetales;f__Nocardiaceae;g__Rhodococcus;
Schwartzia	0	0	0	0	0	0	0	0	0	0	0	0	0	0	0	0	0	0	0.0064919451791296	0	0	0	0	0.00121077590555948	0	0	0	0	0	0	0	0	0	0	k__Bacteria;p__Firmicutes;c__Clostridia;o__Clostridiales;f__Veillonellaceae;g__Schwartzia;
Micrococcus	0	0	0	0	0	0	0	0	0	0	0	0	0	0	0	0	0	0	0	0	0.00137624391276731	0	0	0	0	0	0	0	0	0	0.00639188891337888	0	0.00305343511450382	0	k__Bacteria;p__Actinobacteria;c__Actinobacteria;o__Actinomycetales;f__Micrococcaceae;g__Micrococcus;
1-68	0	0	0.00503778337531486	0	0	0	0	0	0	0	0	0	0	0	0	0	0	0	0.00144265448425102	0	0.00624603006563625	0.000360663621062755	0	0.00282514377963879	0	0	0	0	0	0.00252525252525253	0	0	0.00152671755725191	0	k__Bacteria;p__Firmicutes;c__Clostridia;o__Clostridiales;f__[Tissierellaceae];g__1-68;
Tannerella	0	0	0	0	0	0	0	0	0	0	0	0	0	0	0	0	0	0	0.00601106035104592	0	0	0	0	0.00252244980324892	0	0.001015670342426	0.000498173364330787	0	0	0.00101010101010101	0	0	0	0	k__Bacteria;p__Bacteroidetes;c__Bacteroidia;o__Bacteroidales;f__Porphyromonadaceae;g__Tannerella;
Lachnoanaerobaculum	0	0	0	0	0	0	0	0.00253936008125952	0	0	0	0	0	0	0	0	0	0	0.00577061793700409	0	0	0	0	0.00110987791342952	0	0	0	0	0	0	0.00220409962530306	0	0	0	k__Bacteria;p__Firmicutes;c__Clostridia;o__Clostridiales;f__Lachnospiraceae;g__Lachnoanaerobaculum;
Pasteurella	0	0	0	0	0	0	0	0	0	0	0	0	0	0	0	0	0	0	0	0	0	0	0	0	0	0	0	0	0	0	0	0	0.00549618320610687	0	k__Bacteria;p__Proteobacteria;c__Gammaproteobacteria;o__Pasteurellales;f__Pasteurellaceae;g__Pasteurella;
Subdoligranulum	0.00240520656479909	0	0	0	0	0	0	0	0	0	0.00248447204968944	0.000685244403837369	0	0	0.000592153960029608	0	0	0	0	0	0	0	0.00113607674829588	0	0	0	0	0	0	0	0	0	0	0.0054525627044711	k__Bacteria;p__Firmicutes;c__Clostridia;o__Clostridiales;f__Ruminococcaceae;g__Subdoligranulum;
Marmoricola	0	0	0	0	0	0	0	0	0	0	0	0	0	0	0	0	0	0	0	0	0	0	0	0	0	0	0	0	0	0	0	0.00535433070866142	0	0	k__Bacteria;p__Actinobacteria;c__Actinobacteria;o__Actinomycetales;f__Nocardioidaceae;g__Marmoricola;
Abiotrophia	0	0	0	0	0	0	0	0	0	0	0	0	0	0	0	0	0	0	0.00480884828083674	0	0	0.000721327242125511	0	0.0053475935828877	0	0	0	0	0	0	0	0	0	0	k__Bacteria;p__Firmicutes;c__Bacilli;o__Lactobacillales;f__Aerococcaceae;g__Abiotrophia;
Aeromicrobium	0	0	0	0	0	0	0	0	0	0	0	0	0	0	0	0	0	0.00368248772504092	0	0	0.0052932458183358	0	0	0	0	0	0	0	0	0	0	0	0	0	k__Bacteria;p__Actinobacteria;c__Actinobacteria;o__Actinomycetales;f__Nocardioidaceae;g__Aeromicrobium;
Pusillimonas	0	0	0	0	0	0	0	0	0	0	0	0	0	0	0	0	0	0	0	0	0	0	0	0	0	0	0	0	0	0	0	0	0.00519083969465649	0	k__Bacteria;p__Proteobacteria;c__Betaproteobacteria;o__Burkholderiales;f__Alcaligenaceae;g__Pusillimonas;
Deinococcus	0	0	0.00503778337531486	0.00188323917137476	0	0	0	0	0	0	0	0	0	0	0	0	0	0	0	0	0	0	0	0	0	0	0	0	0	0.00126262626262626	0.00176327970024245	0	0	0	k__Bacteria;p__[Thermi];c__Deinococci;o__Deinococcales;f__Deinococcaceae;g__Deinococcus;
Blastomonas	0	0	0	0	0	0	0	0	0	0	0	0	0	0	0	0	0	0	0	0	0	0	0	0.00494400161436787	0	0	0	0	0	0	0	0	0	0	k__Bacteria;p__Proteobacteria;c__Alphaproteobacteria;o__Sphingomonadales;f__Sphingomonadaceae;g__Blastomonas;
Odoribacter	0	0	0	0	0	0	0	0	0	0	0	0	0.00253929866989117	0.0047795251310515	0.00310880829015544	0	0	0	0	0	0	0.000480884828083674	0	0	0	0	0	0	0	0	0	0	0	0	k__Bacteria;p__Bacteroidetes;c__Bacteroidia;o__Bacteroidales;f__[Odoribacteraceae];g__Odoribacter;
Methylobacterium	0	0	0	0	0	0	0	0	0	0	0	0	0	0	0	0	0.0046916890080429	0	0	0	0.00275248782553462	0.00108199086318827	0	0	0	0	0	0	0	0.00227272727272727	0	0.00188976377952756	0.0033587786259542	0	k__Bacteria;p__Proteobacteria;c__Alphaproteobacteria;o__Rhizobiales;f__Methylobacteriaceae;g__Methylobacterium;
Dorea	0.00254668930390492	0	0	0	0	0	0	0	0	0	0	0.0035404294198264	0.00205562273276904	0.00185013876040703	0	0	0	0	0	0	0	0.00288530896850204	0.00138853824791719	0	0	0	0	0	0.00432294977749523	0	0	0.00440944881889764	0	0	k__Bacteria;p__Firmicutes;c__Clostridia;o__Clostridiales;f__Lachnospiraceae;g__Dorea;
Perlucidibaca	0	0	0	0	0.00402414486921529	0	0	0	0	0	0	0	0	0	0	0	0	0	0	0	0	0	0	0	0	0	0	0	0	0	0	0	0.00183206106870229	0	k__Bacteria;p__Proteobacteria;c__Gammaproteobacteria;o__Pseudomonadales;f__Moraxellaceae;g__Perlucidibaca;
Methylibium	0	0	0	0	0	0	0	0	0	0	0	0.00399725902238465	0	0.00308356460067838	0	0	0	0	0	0	0	0	0.00265084574602373	0	0	0	0	0	0	0	0	0	0	0	k__Bacteria;p__Proteobacteria;c__Betaproteobacteria;o__Burkholderiales;f__Comamonadaceae;g__Methylibium;
[Eubacterium]	0	0	0	0.00376647834274953	0.00201207243460765	0	0	0	0	0	0	0	0	0	0	0	0	0	0	0	0	0.000360663621062755	0	0	0	0	0	0	0	0	0	0.0015748031496063	0	0	k__Bacteria;p__Firmicutes;c__Erysipelotrichi;o__Erysipelotrichales;f__Erysipelotrichaceae;g__[Eubacterium];
Bulleidia	0	0	0	0	0	0	0	0.00101574403250381	0	0.00117785630153121	0	0	0	0	0	0.00038933229511388	0	0	0.00312575138254388	0	0	0	0	0.000504489960649783	0	0.00116076610562972	0.00182663566921289	0.00370106761565836	0	0	0	0	0	0	k__Bacteria;p__Firmicutes;c__Erysipelotrichi;o__Erysipelotrichales;f__Erysipelotrichaceae;g__Bulleidia;
Ruminococcus	0.000707413695529145	0	0	0	0	0	0	0	0	0	0	0.00205573321151211	0.00290205562273277	0.00370027752081406	0	0	0	0	0	0	0	0	0.00290330724564504	0	0	0	0	0	0.00190718372536554	0	0	0	0	0	k__Bacteria;p__Firmicutes;c__Clostridia;o__Clostridiales;f__Lachnospiraceae;g__Ruminococcus;
Atopobium	0	0	0	0	0	0	0	0.00253936008125952	0	0	0	0	0	0	0	0	0	0	0.00360663621062755	0	0	0	0	0.00090808192916961	0	0.000725478816018572	0.00116240451677184	0.00185053380782918	0	0	0	0	0	0	k__Bacteria;p__Actinobacteria;c__Coriobacteriia;o__Coriobacteriales;f__Coriobacteriaceae;g__Atopobium;
Mogibacterium	0	0	0	0	0	0	0	0.00355510411376333	0.00187617260787992	0	0.000276052449965493	0	0	0	0	0	0	0	0.00240442414041837	0	0.000317594749100148	0	0	0.00151346988194935	0	0.000435287289611143	0.00116240451677184	0	0	0	0	0	0	0	k__Bacteria;p__Firmicutes;c__Clostridia;o__Clostridiales;f__[Mogibacteriaceae];g__Mogibacterium;
Megasphaera	0	0	0	0	0	0	0	0	0	0	0	0	0	0	0	0	0	0	0.00336619379658572	0	0	0	0	0.000706285944909696	0	0	0	0	0	0	0	0	0	0	k__Bacteria;p__Firmicutes;c__Clostridia;o__Clostridiales;f__Veillonellaceae;g__Megasphaera;
Mycoplasma	0	0	0	0	0	0	0	0	0	0	0	0	0	0	0	0	0	0	0	0	0.00201143341096761	0	0	0	0	0	0	0	0	0.00252525252525253	0	0.00094488188976378	0.0033587786259542	0	k__Bacteria;p__Tenericutes;c__Mollicutes;o__Mycoplasmatales;f__Mycoplasmataceae;g__Mycoplasma;
Shuttleworthia	0	0	0	0	0	0	0	0	0	0	0	0	0.00314389359129383	0	0	0	0	0	0.000480884828083674	0	0	0	0.00126230749810654	0	0	0	0	0	0	0	0	0	0	0	k__Bacteria;p__Firmicutes;c__Clostridia;o__Clostridiales;f__Lachnospiraceae;g__Shuttleworthia;
Peptostreptococcus	0	0	0	0	0	0	0	0	0	0	0	0	0	0	0	0	0	0	0.00312575138254388	0	0	0	0	0.000807183937039653	0	0	0	0	0	0	0	0	0	0	k__Bacteria;p__Firmicutes;c__Clostridia;o__Clostridiales;f__Peptostreptococcaceae;g__Peptostreptococcus;
Kingella	0	0	0	0	0	0	0	0	0	0	0	0	0	0	0	0	0	0	0.00312575138254388	0	0	0	0	0.00131167389768944	0	0	0	0	0	0	0	0	0	0	k__Bacteria;p__Proteobacteria;c__Betaproteobacteria;o__Neisseriales;f__Neisseriaceae;g__Kingella;
WAL_1855D	0	0	0	0.00188323917137476	0	0	0	0	0	0	0	0	0	0	0	0	0	0	0	0	0.000741054414567012	0.000721327242125511	0	0.000504489960649783	0	0	0	0	0.000762873490146217	0.00303030303030303	0.000661229887590919	0.00094488188976378	0	0	k__Bacteria;p__Firmicutes;c__Clostridia;o__Clostridiales;f__[Tissierellaceae];g__WAL_1855D;
Roseomonas	0	0	0	0	0.00301810865191147	0	0	0	0	0	0	0	0	0	0	0	0	0	0	0	0.00190556849460089	0	0	0	0	0	0	0	0	0	0	0	0	0	k__Bacteria;p__Proteobacteria;c__Alphaproteobacteria;o__Rhodospirillales;f__Acetobacteraceae;g__Roseomonas;
Butyricicoccus	0	0	0	0	0	0	0	0	0	0	0.000690131124913734	0.0029693924166286	0	0	0	0	0	0	0	0	0	0	0.0016409997475385	0	0	0	0	0	0	0	0	0	0	0	k__Bacteria;p__Firmicutes;c__Clostridia;o__Clostridiales;f__Ruminococcaceae;g__Butyricicoccus;
Polaromonas	0	0	0	0	0	0	0	0	0	0	0	0	0	0	0	0	0	0	0	0	0.00275248782553462	0	0	0	0	0	0	0	0	0	0	0	0	0	k__Bacteria;p__Proteobacteria;c__Betaproteobacteria;o__Burkholderiales;f__Comamonadaceae;g__Polaromonas;
Gaiella	0	0	0	0	0	0	0	0	0	0	0	0	0	0	0	0	0	0	0	0	0.00148210882913402	0	0	0	0	0	0	0	0	0	0	0	0.00274809160305344	0	k__Bacteria;p__Actinobacteria;c__Thermoleophilia;o__Gaiellales;f__Gaiellaceae;g__Gaiella;
Hymenobacter	0	0	0	0	0	0	0	0	0	0	0	0	0	0	0	0	0	0	0	0	0.0026466229091679	0	0	0	0	0	0	0	0	0.00176767676767677	0	0	0	0	k__Bacteria;p__Bacteroidetes;c__Cytophagia;o__Cytophagales;f__Cytophagaceae;g__Hymenobacter;
Variovorax	0	0	0	0	0	0	0	0	0	0	0	0	0	0	0	0	0	0	0	0	0	0.00264486655446021	0	0	0	0	0	0	0	0	0	0	0	0	k__Bacteria;p__Proteobacteria;c__Betaproteobacteria;o__Burkholderiales;f__Comamonadaceae;g__Variovorax;
Butyricimonas	0	0	0	0	0	0	0	0	0	0	0	0	0.00157194679564692	0.00262102991057663	0.00222057735011103	0	0	0	0	0	0	0	0	0	0	0	0	0	0	0	0	0	0	0	k__Bacteria;p__Bacteroidetes;c__Bacteroidia;o__Bacteroidales;f__[Odoribacteraceae];g__Butyricimonas;
Allobaculum	0	0	0	0	0	0	0	0	0	0	0	0	0	0	0	0	0	0	0	0	0	0.00108199086318827	0	0	0	0	0	0	0	0	0	0.00251968503937008	0	0	k__Bacteria;p__Firmicutes;c__Erysipelotrichi;o__Erysipelotrichales;f__Erysipelotrichaceae;g__Allobaculum;
Catenibacterium	0	0	0	0.00188323917137476	0	0	0	0	0	0	0	0	0	0	0	0	0	0	0	0	0.00116451408003388	0.00180331810531378	0	0	0	0	0	0	0	0	0	0.00251968503937008	0.00244274809160305	0	k__Bacteria;p__Firmicutes;c__Erysipelotrichi;o__Erysipelotrichales;f__Erysipelotrichaceae;g__Catenibacterium;
Gallicola	0	0	0.00251889168765743	0	0	0	0	0	0	0	0	0	0	0	0	0	0	0	0	0	0	0	0	0	0	0	0	0	0	0	0	0	0	0	k__Bacteria;p__Firmicutes;c__Clostridia;o__Clostridiales;f__[Tissierellaceae];g__Gallicola;
Sphingopyxis	0	0	0	0	0	0	0	0	0	0	0	0	0	0	0	0	0	0	0	0	0	0.000601106035104592	0	0	0	0	0	0	0	0	0	0	0.00244274809160305	0	k__Bacteria;p__Proteobacteria;c__Alphaproteobacteria;o__Sphingomonadales;f__Sphingomonadaceae;g__Sphingopyxis;
Novosphingobium	0	0	0	0	0	0	0	0	0	0	0	0	0	0	0	0	0	0	0	0	0	0.00240442414041837	0	0	0	0	0	0	0	0	0	0	0	0	k__Bacteria;p__Proteobacteria;c__Alphaproteobacteria;o__Sphingomonadales;f__Sphingomonadaceae;g__Novosphingobium;
Cloacibacterium	0	0	0	0	0	0	0	0	0	0	0	0	0	0	0	0	0	0	0	0	0	0.000721327242125511	0	0	0	0	0	0	0	0.00227272727272727	0	0	0	0	k__Bacteria;p__Bacteroidetes;c__Flavobacteriia;o__Flavobacteriales;f__[Weeksellaceae];g__Cloacibacterium;
Adhaeribacter	0	0	0	0	0	0	0	0	0	0	0	0	0	0	0	0	0	0	0	0	0.00169383866186746	0.00204376051935561	0	0	0	0	0	0	0	0	0.000881639850121226	0	0	0	k__Bacteria;p__Bacteroidetes;c__Cytophagia;o__Cytophagales;f__Cytophagaceae;g__Adhaeribacter;
Methylotenera	0	0	0	0	0	0	0	0	0	0	0	0	0	0	0	0	0	0	0	0	0	0	0	0.00201795984259913	0	0	0	0	0	0.00202020202020202	0	0	0	0	k__Bacteria;p__Proteobacteria;c__Betaproteobacteria;o__Methylophilales;f__Methylophilaceae;g__Methylotenera;
Actinomycetospora	0	0	0	0	0	0	0	0	0	0	0	0	0	0	0	0	0	0	0	0	0.00201143341096761	0.0013224332772301	0	0	0	0	0	0	0	0	0	0	0	0	k__Bacteria;p__Actinobacteria;c__Actinobacteria;o__Actinomycetales;f__Pseudonocardiaceae;g__Actinomycetospora;
Anaerostipes	0.00198075834748161	0	0	0	0	0	0	0	0	0	0	0	0	0	0	0	0	0	0	0	0	0	0.000883615248674577	0	0	0	0	0	0	0	0	0	0	0	k__Bacteria;p__Firmicutes;c__Clostridia;o__Clostridiales;f__Lachnospiraceae;g__Anaerostipes;
Vogesella	0	0	0	0	0	0	0	0	0	0	0	0	0	0	0	0.0019466614755694	0	0	0	0	0	0	0	0	0	0	0	0	0	0	0	0	0	0	k__Bacteria;p__Proteobacteria;c__Betaproteobacteria;o__Neisseriales;f__Neisseriaceae;g__Vogesella;
Balneimonas	0	0	0	0	0	0	0	0	0	0	0	0	0	0	0	0	0	0	0	0	0.00179970357823417	0	0	0	0	0	0	0	0	0	0	0	0	0	k__Bacteria;p__Proteobacteria;c__Alphaproteobacteria;o__Rhizobiales;f__Bradyrhizobiaceae;g__Balneimonas;
Facklamia	0	0	0	0	0	0	0	0	0	0	0	0	0	0	0	0	0	0	0	0	0	0	0	0.00110987791342952	0	0	0	0	0	0.00176767676767677	0	0	0	0	k__Bacteria;p__Firmicutes;c__Bacilli;o__Lactobacillales;f__Aerococcaceae;g__Facklamia;
Brevibacterium	0	0.00164880461665293	0	0	0	0	0	0	0	0	0	0	0	0	0	0	0	0	0	0	0	0	0	0	0	0	0	0	0	0.000757575757575758	0	0	0	0	k__Bacteria;p__Actinobacteria;c__Actinobacteria;o__Actinomycetales;f__Brevibacteriaceae;g__Brevibacterium;
Varibaculum	0	0	0	0	0	0	0	0	0	0	0	0	0	0	0	0	0	0	0	0	0.00158797374550074	0	0	0	0	0	0	0	0	0	0	0	0	0	k__Bacteria;p__Actinobacteria;c__Actinobacteria;o__Actinomycetales;f__Actinomycetaceae;g__Varibaculum;
Mycobacterium	0	0	0	0	0	0	0	0	0	0	0	0	0	0	0	0	0	0	0	0	0.00158797374550074	0	0	0	0	0	0	0	0	0	0	0	0	0	k__Bacteria;p__Actinobacteria;c__Actinobacteria;o__Actinomycetales;f__Mycobacteriaceae;g__Mycobacterium;
Tepidimonas	0	0	0	0	0	0	0	0	0	0	0	0	0	0	0	0	0	0	0	0	0	0.00156287569127194	0	0	0	0	0	0	0	0	0	0	0	0	k__Bacteria;p__Proteobacteria;c__Betaproteobacteria;o__Burkholderiales;f__Comamonadaceae;g__Tepidimonas;
Helcococcus	0	0	0	0	0	0	0	0	0	0	0	0	0	0	0	0	0	0	0	0	0	0	0	0	0	0	0	0	0	0.00151515151515152	0.000661229887590919	0	0	0	k__Bacteria;p__Firmicutes;c__Clostridia;o__Clostridiales;f__[Tissierellaceae];g__Helcococcus;
Segetibacter	0	0	0	0	0	0	0	0	0	0	0	0	0	0	0	0	0	0	0	0	0.00148210882913402	0	0	0	0	0	0	0	0	0	0	0	0	0	k__Bacteria;p__Bacteroidetes;c__[Saprospirae];o__[Saprospirales];f__Chitinophagaceae;g__Segetibacter;
Scardovia	0	0	0	0	0	0	0	0	0	0	0	0	0	0	0	0	0	0	0.00144265448425102	0	0	0	0	0.000201795984259913	0	0	0	0	0	0	0	0	0	0	k__Bacteria;p__Actinobacteria;c__Actinobacteria;o__Bifidobacteriales;f__Bifidobacteriaceae;g__Scardovia;
Arcanobacterium	0	0	0	0	0	0	0	0	0	0	0	0	0	0	0	0	0	0	0	0	0.00137624391276731	0	0	0	0	0	0	0	0	0	0	0	0	0	k__Bacteria;p__Actinobacteria;c__Actinobacteria;o__Actinomycetales;f__Actinomycetaceae;g__Arcanobacterium;
Mycoplana	0	0	0	0	0	0	0	0	0	0	0	0	0	0	0	0	0	0	0	0	0.00137624391276731	0	0	0	0	0	0	0	0	0	0	0	0	0	k__Bacteria;p__Proteobacteria;c__Alphaproteobacteria;o__Caulobacterales;f__Caulobacteraceae;g__Mycoplana;
Butyrivibrio	0	0	0	0	0	0	0	0	0	0	0	0	0	0	0	0	0	0	0	0	0	0	0	0	0	0.00130586186883343	0	0	0	0	0	0	0	0	k__Bacteria;p__Firmicutes;c__Clostridia;o__Clostridiales;f__Lachnospiraceae;g__Butyrivibrio;
Pseudoxanthomonas	0	0	0	0	0	0	0	0	0	0	0	0	0	0	0	0	0	0	0	0	0.00127037899640059	0	0	0	0	0	0	0	0	0	0	0	0	0	k__Bacteria;p__Proteobacteria;c__Gammaproteobacteria;o__Xanthomonadales;f__Xanthomonadaceae;g__Pseudoxanthomonas;
Alicyclobacillus	0	0	0	0	0	0	0	0	0	0	0	0	0	0	0	0	0	0	0	0	0.00052932458183358	0.000240442414041837	0	0	0	0	0	0	0	0.00126262626262626	0.000661229887590919	0	0	0	k__Bacteria;p__Firmicutes;c__Bacilli;o__Bacillales;f__Alicyclobacillaceae;g__Alicyclobacillus;
Filifactor	0	0	0	0	0	0	0	0	0	0	0	0	0	0	0	0	0	0	0	0	0	0	0	0	0	0	0	0	0	0	0	0.00125984251968504	0	0	k__Bacteria;p__Firmicutes;c__Clostridia;o__Clostridiales;f__Peptostreptococcaceae;g__Filifactor;
Arcobacter	0	0	0	0	0	0	0	0	0	0	0	0	0	0	0	0	0	0	0	0	0	0	0	0	0	0	0	0	0	0	0	0	0.00122137404580153	0	k__Bacteria;p__Proteobacteria;c__Epsilonproteobacteria;o__Campylobacterales;f__Campylobacteraceae;g__Arcobacter;
Alcaligenes	0	0	0	0	0	0	0	0	0	0	0	0	0	0	0	0	0	0	0	0	0	0	0	0	0	0	0	0	0	0	0	0	0.00122137404580153	0	k__Bacteria;p__Proteobacteria;c__Betaproteobacteria;o__Burkholderiales;f__Alcaligenaceae;g__Alcaligenes;
Cellvibrio	0	0	0	0	0	0	0	0	0	0	0	0	0	0	0	0	0	0	0	0	0	0	0	0	0	0	0	0	0	0	0	0	0.00122137404580153	0	k__Bacteria;p__Proteobacteria;c__Gammaproteobacteria;o__Alteromonadales;f__Alteromonadaceae;g__Cellvibrio;
Weissella	0	0	0	0	0	0	0	0	0	0	0	0	0	0	0	0	0	0	0	0	0.00116451408003388	0.000721327242125511	0	0	0	0	0	0	0	0.00101010101010101	0	0.00062992125984252	0	0	k__Bacteria;p__Firmicutes;c__Bacilli;o__Lactobacillales;f__Leuconostocaceae;g__Weissella;
Dyadobacter	0	0	0	0	0	0	0	0	0	0	0	0	0	0	0	0	0	0	0	0	0	0.000841548449146429	0	0	0	0	0	0	0	0	0.00110204981265153	0	0	0	k__Bacteria;p__Bacteroidetes;c__Cytophagia;o__Cytophagales;f__Cytophagaceae;g__Dyadobacter;
Williamsia	0	0	0	0	0	0	0	0	0	0	0	0	0	0	0	0	0	0	0	0	0.00105864916366716	0	0	0	0	0	0	0	0	0	0	0	0	0	k__Bacteria;p__Actinobacteria;c__Actinobacteria;o__Actinomycetales;f__Williamsiaceae;g__Williamsia;
Rubellimicrobium	0	0	0	0	0	0	0	0	0	0	0	0	0	0	0	0	0	0	0	0	0.00105864916366716	0	0	0	0	0	0	0	0	0	0	0	0	0	k__Bacteria;p__Proteobacteria;c__Alphaproteobacteria;o__Rhodobacterales;f__Rhodobacteraceae;g__Rubellimicrobium;
Skermanella	0	0	0	0	0	0	0	0	0	0	0	0	0	0	0	0	0	0	0	0	0.00105864916366716	0	0	0	0	0	0	0	0	0.000757575757575758	0	0	0	0	k__Bacteria;p__Proteobacteria;c__Alphaproteobacteria;o__Rhodospirillales;f__Rhodospirillaceae;g__Skermanella;
Peptococcus	0	0	0	0	0	0	0	0	0	0	0	0	0	0	0	0	0	0	0.000721327242125511	0	0.00052932458183358	0	0	0	0	0.001015670342426	0	0	0	0.000505050505050505	0	0.00094488188976378	0	0	k__Bacteria;p__Firmicutes;c__Clostridia;o__Clostridiales;f__Peptococcaceae;g__Peptococcus;
Frigoribacterium	0	0	0	0	0	0	0	0	0	0	0	0	0	0	0	0	0	0	0	0	0.000952784247300445	0	0	0	0	0	0	0	0	0	0	0	0	0	k__Bacteria;p__Actinobacteria;c__Actinobacteria;o__Actinomycetales;f__Microbacteriaceae;g__Frigoribacterium;
Anaerobiospirillum	0	0	0	0	0	0	0	0	0	0	0	0	0	0	0	0	0	0	0	0	0.000846919330933729	0	0	0	0	0	0	0	0	0	0	0	0.000916030534351145	0	k__Bacteria;p__Proteobacteria;c__Gammaproteobacteria;o__Aeromonadales;f__Succinivibrionaceae;g__Anaerobiospirillum;
Desulfomicrobium	0	0	0	0	0	0	0	0	0	0	0	0	0	0	0	0	0	0	0	0	0	0	0	0	0	0	0	0	0	0	0	0	0.000916030534351145	0	k__Bacteria;p__Proteobacteria;c__Deltaproteobacteria;o__Desulfovibrionales;f__Desulfomicrobiaceae;g__Desulfomicrobium;
Wautersiella	0	0	0	0	0	0	0	0	0	0	0	0	0	0	0	0	0	0	0	0	0.000846919330933729	0	0	0	0	0	0	0	0	0	0	0	0	0	k__Bacteria;p__Bacteroidetes;c__Flavobacteriia;o__Flavobacteriales;f__[Weeksellaceae];g__Wautersiella;
Johnsonella	0	0	0	0	0	0	0	0	0	0	0	0	0	0	0	0	0	0	0	0	0	0	0	0.000807183937039653	0	0	0	0	0	0	0	0	0	0	k__Bacteria;p__Firmicutes;c__Clostridia;o__Clostridiales;f__Lachnospiraceae;g__Johnsonella;
Luteolibacter	0	0	0	0	0	0	0	0	0	0	0	0	0	0	0	0	0	0	0	0	0	0	0	0	0	0	0	0	0	0.000757575757575758	0	0	0	0	k__Bacteria;p__Verrucomicrobia;c__Verrucomicrobiae;o__Verrucomicrobiales;f__Verrucomicrobiaceae;g__Luteolibacter;
Aeromonas	0	0	0	0	0	0	0	0	0	0	0	0	0	0	0	0	0	0	0	0	0.000741054414567012	0	0	0	0	0	0	0	0	0	0	0	0	0	k__Bacteria;p__Proteobacteria;c__Gammaproteobacteria;o__Aeromonadales;f__Aeromonadaceae;g__Aeromonas;
Catonella	0	0	0	0	0	0	0	0	0	0	0	0	0	0	0	0	0	0	0	0	0	0	0	0	0	0.000725478816018572	0	0	0	0	0	0	0	0	k__Bacteria;p__Firmicutes;c__Clostridia;o__Clostridiales;f__Lachnospiraceae;g__Catonella;
Holdemania	0	0	0	0	0	0	0	0	0	0	0	0.000685244403837369	0	0.000616712920135677	0.000592153960029608	0	0	0	0	0	0	0	0.000504922999242616	0	0	0	0	0	0	0	0	0	0	0	k__Bacteria;p__Firmicutes;c__Erysipelotrichi;o__Erysipelotrichales;f__Erysipelotrichaceae;g__Holdemania;
Tatlockia	0	0	0	0	0	0	0	0	0	0	0	0	0	0	0	0	0	0	0	0	0	0	0	0	0	0	0	0	0	0	0	0.00062992125984252	0	0	k__Bacteria;p__Proteobacteria;c__Gammaproteobacteria;o__Legionellales;f__Legionellaceae;g__Tatlockia;
Oxalobacter	0	0	0	0	0	0	0	0	0	0	0	0	0.00060459492140266	0	0	0	0	0	0	0	0	0	0	0	0	0	0	0	0	0	0	0	0	0	k__Bacteria;p__Proteobacteria;c__Betaproteobacteria;o__Burkholderiales;f__Oxalobacteraceae;g__Oxalobacter;
Petrobacter	0	0	0	0	0	0	0	0	0	0	0	0	0	0	0	0	0	0	0	0	0	0.000601106035104592	0	0	0	0	0	0	0	0	0	0	0	0	k__Bacteria;p__Proteobacteria;c__Betaproteobacteria;o__Rhodocyclales;f__Rhodocyclaceae;g__Petrobacter;
Leadbetterella	0	0	0	0	0	0	0	0	0	0	0	0	0	0	0	0	0	0	0	0	0	0.000601106035104592	0	0	0	0	0	0	0	0	0	0	0	0	k__Bacteria;p__Bacteroidetes;c__Cytophagia;o__Cytophagales;f__Cytophagaceae;g__Leadbetterella;
Proteocatella	0	0	0	0	0	0	0	0	0	0	0	0	0	0	0	0	0	0	0	0	0.00052932458183358	0	0	0	0	0	0	0	0	0	0	0	0	0	k__Bacteria;p__Firmicutes;c__Clostridia;o__Clostridiales;f__Peptostreptococcaceae;g__Proteocatella;
Dermabacter	0	0	0	0	0	0	0	0	0	0	0	0	0	0	0	0	0	0	0.000480884828083674	0	0	0.000480884828083674	0	0	0	0	0	0	0	0	0	0	0	0	k__Bacteria;p__Actinobacteria;c__Actinobacteria;o__Actinomycetales;f__Dermabacteraceae;g__Dermabacter;
Sarcina	0	0	0	0	0	0	0	0	0	0	0	0	0	0	0	0	0	0	0	0	0	0.000480884828083674	0	0	0	0	0	0	0	0	0	0	0	0	k__Bacteria;p__Firmicutes;c__Clostridia;o__Clostridiales;f__Clostridiaceae;g__Sarcina;
Truepera	0	0	0	0	0	0	0	0	0	0	0	0	0	0	0	0	0	0	0	0	0.000423459665466864	0	0	0	0	0	0	0	0	0	0	0	0	0	k__Bacteria;p__[Thermi];c__Deinococci;o__Deinococcales;f__Trueperaceae;g__Truepera;
Caldilinea	0	0	0	0	0	0	0	0	0	0	0	0	0	0	0	0	0	0	0	0	0.000423459665466864	0	0	0	0	0	0	0	0	0	0	0	0	0	k__Bacteria;p__Chloroflexi;c__Anaerolineae;o__Caldilineales;f__Caldilineaceae;g__Caldilinea;
Turicibacter	0	0	0	0	0	0	0	0	0	0	0	0	0	0	0	0	0	0	0	0	0	0	0.000378692249431962	0	0	0	0	0	0	0	0	0	0	0	k__Bacteria;p__Firmicutes;c__Bacilli;o__Turicibacterales;f__Turicibacteraceae;g__Turicibacter;
Epulopiscium	0	0	0	0	0	0	0	0	0	0	0	0	0	0	0	0	0	0	0	0	0	0.000360663621062755	0	0	0	0	0	0	0	0	0	0	0	0	k__Bacteria;p__Firmicutes;c__Clostridia;o__Clostridiales;f__Lachnospiraceae;g__Epulopiscium;
DA101	0	0	0	0	0	0	0	0	0	0	0	0	0	0	0	0	0	0	0	0	0	0.000360663621062755	0	0	0	0	0	0	0	0	0	0	0	0	k__Bacteria;p__Verrucomicrobia;c__[Spartobacteria];o__[Chthoniobacterales];f__[Chthoniobacteraceae];g__DA101;
AF12	0	0	0	0	0	0	0	0	0	0	0	0	0	0	0	0	0	0	0	0	0	0.000360663621062755	0	0	0	0	0	0	0	0	0	0	0	0	k__Bacteria;p__Bacteroidetes;c__Bacteroidia;o__Bacteroidales;f__Rikenellaceae;g__AF12;
Helicobacter	0	0	0	0	0	0	0	0	0	0	0	0	0	0	0	0	0	0	0	0	0	0.000360663621062755	0	0	0	0	0	0	0	0	0	0	0	0	k__Bacteria;p__Proteobacteria;c__Epsilonproteobacteria;o__Campylobacterales;f__Helicobacteraceae;g__Helicobacter;
Rubricoccus	0	0	0	0	0	0	0	0	0	0	0	0	0	0	0	0	0	0	0	0	0.000317594749100148	0	0	0	0	0	0	0	0	0	0	0	0	0	k__Bacteria;p__Bacteroidetes;c__[Rhodothermi];o__[Rhodothermales];f__Rhodothermaceae;g__Rubricoccus;
Planctomyces	0	0	0	0	0	0	0	0	0	0	0	0	0	0	0	0	0	0	0	0	0.000317594749100148	0.000240442414041837	0	0	0	0	0	0	0	0	0	0	0	0	k__Bacteria;p__Planctomycetes;c__Planctomycetia;o__Planctomycetales;f__Planctomycetaceae;g__Planctomyces;
Peredibacter	0	0	0	0	0	0	0	0	0	0	0	0	0	0	0	0	0	0	0	0	0.000211729832733432	0	0	0	0	0	0	0	0	0	0	0	0	0	k__Bacteria;p__Proteobacteria;c__Deltaproteobacteria;o__Bdellovibrionales;f__Bacteriovoracaceae;g__Peredibacter;
unclassified	0.0506508205998869	0.10717230008244	0.1696053736356	0.104519774011299	0.250503018108651	0.0526587506453278	0.0262725779967158	0.0330116810563735	0.0248592870544091	0.0341578327444051	0.0565907522429263	0.0879396984924623	0.113301088270858	0.162658032685785	0.153515914137676	0.0369865680358185	0.268096514745309	0.159983633387889	0.0817504207742241	0.053948397185301	0.311348719034511	0.220966578504448	0.0714466043928301	0.207244475834931	0.0418271876719868	0.0200232153221123	0.0410162736632348	0.0240569395017795	0.0408137317228227	0.086616161616162	0.119462199691426	0.113070866141732	0.334656488549618	0.0665212649945471	unclassified
